-4.689016	-4.633015	-4.689169	-4.632862	-4.632862	-4.632862	-4.632710	-4.632862	
-4.687033	-4.633015	-4.686117	-4.632862	-4.632862	-4.632862	-4.632710	-4.632862	
-4.686117	-4.633015	-4.687033	-4.632862	-4.632862	-4.632862	-4.632862	-4.632862	
-4.687643	-4.633015	-4.689016	-4.632862	-4.632862	-4.632862	-4.632862	-4.632862	
-4.686270	-4.633015	-4.684439	-4.632862	-4.632862	-4.632862	-4.632862	-4.632862	
-4.686728	-4.633015	-4.690237	-4.632862	-4.632862	-4.632862	-4.632862	-4.632862	
-4.684896	-4.633015	-4.688101	-4.632862	-4.632862	-4.632862	-4.632710	-4.632862	
-4.684439	-4.633015	-4.685812	-4.632862	-4.633015	-4.632862	-4.632862	-4.632862	
-4.687033	-4.633015	-4.691000	-4.632862	-4.632862	-4.632862	-4.632862	-4.632862	
-4.686422	-4.633015	-4.687033	-4.632710	-4.632862	-4.632862	-4.632862	-4.633015	
-4.685812	-4.633015	-4.688406	-4.632862	-4.632862	-4.632862	-4.632862	-4.633015	
-4.685659	-4.633015	-4.689169	-4.632862	-4.632862	-4.632862	-4.632710	-4.632862	
-4.684591	-4.633015	-4.687338	-4.632710	-4.632862	-4.632862	-4.632862	-4.633015	
-4.683676	-4.633015	-4.687490	-4.632862	-4.633015	-4.632862	-4.632710	-4.632862	
-4.684439	-4.633015	-4.687643	-4.632710	-4.632862	-4.632862	-4.632862	-4.632862	
-4.684286	-4.633015	-4.686880	-4.632862	-4.632862	-4.632862	-4.632710	-4.632862	
-4.685812	-4.633015	-4.687490	-4.632710	-4.632862	-4.632862	-4.632862	-4.633015	
-4.686117	-4.633015	-4.688711	-4.632862	-4.633015	-4.632862	-4.632710	-4.632862	
-4.685965	-4.633015	-4.688711	-4.632862	-4.632862	-4.632862	-4.632862	-4.633015	
-4.686422	-4.633015	-4.686422	-4.632862	-4.633015	-4.632862	-4.632862	-4.632862	
-4.684896	-4.633015	-4.690542	-4.632862	-4.632862	-4.632862	-4.632710	-4.632862	
-4.687033	-4.633015	-4.686880	-4.632862	-4.632862	-4.632862	-4.632862	-4.632862	
-4.688406	-4.633015	-4.687033	-4.632862	-4.633015	-4.632862	-4.632862	-4.632862	
-4.686880	-4.633015	-4.690084	-4.632862	-4.632862	-4.632862	-4.632710	-4.632862	
-4.687643	-4.633015	-4.685812	-4.632862	-4.632862	-4.632862	-4.632862	-4.632862	
-4.688253	-4.633015	-4.688864	-4.632862	-4.633015	-4.632862	-4.632710	-4.632862	
-4.688559	-4.633015	-4.688559	-4.632710	-4.632862	-4.632862	-4.632862	-4.632862	
-4.689779	-4.633015	-4.689016	-4.632862	-4.632862	-4.632862	-4.632710	-4.632862	
-4.689627	-4.633015	-4.686117	-4.632862	-4.633015	-4.632862	-4.632862	-4.632862	
-4.689779	-4.633015	-4.687033	-4.632862	-4.632862	-4.632862	-4.632862	-4.632862	
-4.687490	-4.633015	-4.688101	-4.632862	-4.632862	-4.632862	-4.632862	-4.633015	
-4.686422	-4.633015	-4.685659	-4.632862	-4.632862	-4.632862	-4.632862	-4.632862	
-4.686422	-4.633015	-4.688711	-4.632862	-4.633015	-4.632862	-4.632710	-4.632862	
-4.685354	-4.633015	-4.686270	-4.632862	-4.632862	-4.632862	-4.632710	-4.632862	
-4.685202	-4.633015	-4.687948	-4.632862	-4.632862	-4.632862	-4.632710	-4.632862	
-4.685354	-4.633015	-4.688253	-4.632862	-4.633015	-4.632862	-4.632710	-4.632862	
-4.684134	-4.633015	-4.687338	-4.632862	-4.633015	-4.632862	-4.632862	-4.632862	
-4.686880	-4.633015	-4.686728	-4.632710	-4.632862	-4.632862	-4.632862	-4.632862	
-4.688864	-4.633015	-4.688711	-4.632862	-4.632862	-4.632862	-4.632862	-4.632862	
-4.689474	-4.633015	-4.686880	-4.632862	-4.632862	-4.632862	-4.632710	-4.632862	
-4.691000	-4.633015	-4.689016	-4.632862	-4.632862	-4.632862	-4.632862	-4.632862	
-4.689627	-4.633015	-4.688559	-4.632862	-4.633015	-4.632862	-4.632862	-4.632862	
-4.684134	-4.633015	-4.687185	-4.632862	-4.632862	-4.632862	-4.632862	-4.632862	
-4.687185	-4.633015	-4.688253	-4.632862	-4.632862	-4.632862	-4.632862	-4.632862	
-4.690390	-4.633015	-4.687185	-4.632862	-4.632862	-4.632862	-4.632710	-4.632862	
-4.689322	-4.633015	-4.687643	-4.632862	-4.633015	-4.632862	-4.632710	-4.632862	
-4.689627	-4.633015	-4.686270	-4.632862	-4.632862	-4.632862	-4.632862	-4.632862	
-4.688864	-4.633015	-4.686422	-4.632862	-4.632862	-4.632862	-4.632862	-4.632862	
-4.687033	-4.633015	-4.685659	-4.632862	-4.632862	-4.632862	-4.632862	-4.632862	
-4.686728	-4.633015	-4.687185	-4.632862	-4.632862	-4.632862	-4.632862	-4.632862	
-4.686422	-4.633015	-4.686117	-4.632862	-4.633015	-4.632862	-4.632862	-4.632862	
-4.685507	-4.633015	-4.687185	-4.632862	-4.632862	-4.632862	-4.632710	-4.632862	
-4.686728	-4.633015	-4.687948	-4.632862	-4.632862	-4.632862	-4.632862	-4.632862	
-4.682913	-4.633015	-4.687796	-4.632862	-4.632862	-4.632862	-4.632862	-4.632862	
-4.690390	-4.633015	-4.687948	-4.632862	-4.633015	-4.632862	-4.632862	-4.632862	
-4.691000	-4.633015	-4.686880	-4.632862	-4.632862	-4.632862	-4.632862	-4.632862	
-4.693137	-4.633015	-4.688406	-4.632862	-4.632862	-4.632862	-4.632862	-4.632862	
-4.693900	-4.633015	-4.687185	-4.632862	-4.632862	-4.632862	-4.632710	-4.632862	
-4.690084	-4.633015	-4.688101	-4.632862	-4.632862	-4.632862	-4.632710	-4.632862	
-4.692373	-4.633015	-4.688406	-4.632862	-4.632862	-4.632862	-4.632862	-4.633015	
-4.690695	-4.633015	-4.687338	-4.632862	-4.632862	-4.632862	-4.632710	-4.633015	
-4.684439	-4.633015	-4.687643	-4.632862	-4.632862	-4.632862	-4.632862	-4.632862	
-4.685507	-4.633015	-4.690542	-4.632862	-4.632862	-4.632862	-4.632862	-4.632862	
-4.684286	-4.633015	-4.685507	-4.632862	-4.632862	-4.632862	-4.632862	-4.632862	
-4.684591	-4.633015	-4.688253	-4.632862	-4.632862	-4.632862	-4.632710	-4.632862	
-4.683676	-4.633015	-4.689779	-4.632862	-4.632862	-4.632862	-4.632862	-4.633015	
-4.686880	-4.633015	-4.686117	-4.632862	-4.633015	-4.632862	-4.632862	-4.632862	
-4.687185	-4.633015	-4.685812	-4.632862	-4.632862	-4.632862	-4.632710	-4.632862	
-4.687948	-4.633015	-4.689627	-4.632862	-4.632862	-4.632862	-4.632862	-4.632862	
-4.687490	-4.633015	-4.687338	-4.632862	-4.632862	-4.632862	-4.632862	-4.633015	
-4.689474	-4.633015	-4.687490	-4.632862	-4.632862	-4.632862	-4.632862	-4.632862	
-4.688559	-4.633015	-4.688253	-4.632862	-4.632862	-4.632862	-4.632862	-4.633015	
-4.688406	-4.633015	-4.685049	-4.632862	-4.632862	-4.632862	-4.632862	-4.632862	
-4.690542	-4.633015	-4.687796	-4.632862	-4.632862	-4.632862	-4.632862	-4.632862	
-4.688101	-4.633015	-4.688253	-4.632862	-4.632862	-4.632862	-4.632710	-4.633015	
-4.685354	-4.633015	-4.686728	-4.632862	-4.632862	-4.632862	-4.632862	-4.632862	
-4.687185	-4.633015	-4.688406	-4.632862	-4.632862	-4.632862	-4.632862	-4.632862	
-4.688406	-4.633015	-4.690542	-4.632862	-4.632862	-4.632862	-4.632862	-4.632862	
-4.687643	-4.633015	-4.686880	-4.632862	-4.632862	-4.632862	-4.632862	-4.632862	
-4.687490	-4.633015	-4.687948	-4.632862	-4.633015	-4.632862	-4.632710	-4.632862	
-4.690542	-4.633015	-4.687490	-4.632710	-4.632862	-4.632862	-4.632862	-4.632862	
-4.689169	-4.633015	-4.687338	-4.632862	-4.633015	-4.632862	-4.632862	-4.633015	
-4.691458	-4.633015	-4.685354	-4.632862	-4.632862	-4.632862	-4.632862	-4.633015	
-4.690847	-4.633015	-4.689169	-4.632862	-4.632862	-4.632862	-4.632862	-4.632862	
-4.687033	-4.633015	-4.687033	-4.632862	-4.632862	-4.632862	-4.632862	-4.632862	
-4.687490	-4.633015	-4.688101	-4.632862	-4.632862	-4.632862	-4.632862	-4.632862	
-4.688864	-4.633015	-4.691153	-4.632862	-4.632862	-4.632862	-4.632862	-4.633015	
-4.685354	-4.633015	-4.682760	-4.632862	-4.632862	-4.632862	-4.632862	-4.632862	
-4.686575	-4.633015	-4.688864	-4.632862	-4.632862	-4.632862	-4.632862	-4.632862	
-4.689779	-4.633015	-4.686880	-4.632862	-4.632862	-4.632862	-4.632710	-4.632862	
-4.688864	-4.633015	-4.685965	-4.632862	-4.632862	-4.632862	-4.632862	-4.632862	
-4.685812	-4.633015	-4.689322	-4.632862	-4.632862	-4.632862	-4.632862	-4.632862	
-4.680013	-4.633015	-4.685659	-4.632862	-4.633015	-4.632862	-4.632862	-4.632862	
-4.677724	-4.633015	-4.686728	-4.632862	-4.632862	-4.632862	-4.632710	-4.632862	
-4.682302	-4.633015	-4.688253	-4.632862	-4.633015	-4.632862	-4.632862	-4.632862	
-4.677267	-4.633015	-4.686880	-4.632862	-4.632862	-4.632862	-4.632862	-4.632862	
-4.678945	-4.633015	-4.689627	-4.632862	-4.632862	-4.632862	-4.632710	-4.632862	
-4.686575	-4.633015	-4.689779	-4.632862	-4.632862	-4.632862	-4.632710	-4.632862	
-4.687643	-4.633015	-4.687338	-4.632862	-4.633015	-4.632862	-4.632710	-4.632862	
-4.686880	-4.633015	-4.689322	-4.632862	-4.632862	-4.632862	-4.632862	-4.633015	
-4.688864	-4.633015	-4.688711	-4.632862	-4.632862	-4.632862	-4.632862	-4.633015	
-4.689627	-4.633015	-4.689016	-4.632862	-4.632862	-4.632862	-4.632710	-4.633015	
-4.685202	-4.633015	-4.685812	-4.632862	-4.632862	-4.632862	-4.632862	-4.632862	
-4.682760	-4.633015	-4.687338	-4.632862	-4.633015	-4.632862	-4.632862	-4.632862	
-4.686575	-4.633015	-4.688406	-4.632710	-4.632862	-4.632862	-4.632710	-4.632862	
-4.685965	-4.633015	-4.686880	-4.632862	-4.632862	-4.632862	-4.632862	-4.633015	
-4.682760	-4.633015	-4.687185	-4.632862	-4.632862	-4.632862	-4.632862	-4.632862	
-4.681997	-4.633015	-4.688864	-4.632862	-4.632862	-4.632862	-4.632862	-4.633015	
-4.679403	-4.633015	-4.684896	-4.632862	-4.632862	-4.632862	-4.632862	-4.632862	
-4.682607	-4.633015	-4.687185	-4.632862	-4.632862	-4.632862	-4.632862	-4.633015	
-4.684439	-4.633015	-4.690390	-4.632710	-4.632862	-4.632862	-4.632862	-4.632862	
-4.688559	-4.633015	-4.686117	-4.632862	-4.632862	-4.632862	-4.632862	-4.632862	
-4.691458	-4.633015	-4.688253	-4.632862	-4.632862	-4.632862	-4.632710	-4.632862	
-4.689932	-4.633015	-4.687643	-4.632862	-4.632862	-4.632862	-4.632710	-4.633015	
-4.693594	-4.633015	-4.685507	-4.632862	-4.632862	-4.632862	-4.632710	-4.632862	
-4.686422	-4.633015	-4.688559	-4.632710	-4.633015	-4.632862	-4.632710	-4.632862	
-4.685965	-4.633015	-4.688406	-4.632862	-4.632862	-4.632862	-4.632710	-4.632862	
-4.689932	-4.633015	-4.686422	-4.632862	-4.632862	-4.632862	-4.632710	-4.632862	
-4.690084	-4.633015	-4.688864	-4.632862	-4.632862	-4.632862	-4.632710	-4.632862	
-4.690237	-4.633015	-4.686117	-4.632862	-4.632862	-4.632862	-4.632710	-4.633015	
-4.693747	-4.633015	-4.687033	-4.632862	-4.633015	-4.632862	-4.632862	-4.633015	
-4.696188	-4.633015	-4.688101	-4.632862	-4.632862	-4.632862	-4.632862	-4.632862	
-4.692526	-4.633015	-4.687490	-4.632862	-4.632862	-4.632862	-4.632862	-4.632862	
-4.690390	-4.633015	-4.687490	-4.632862	-4.632862	-4.632862	-4.632862	-4.632862	
-4.687338	-4.633015	-4.686117	-4.632710	-4.632862	-4.632862	-4.632710	-4.633015	
-4.687796	-4.633015	-4.687796	-4.632862	-4.633015	-4.632862	-4.632862	-4.632862	
-4.691305	-4.633015	-4.684744	-4.632862	-4.632862	-4.632862	-4.632862	-4.632862	
-4.697409	-4.633015	-4.686117	-4.632710	-4.632862	-4.632862	-4.632862	-4.632862	
-4.694968	-4.633015	-4.685812	-4.632862	-4.632862	-4.632862	-4.632862	-4.632862	
-4.691153	-4.633015	-4.686422	-4.632710	-4.632862	-4.632862	-4.632862	-4.632862	
-4.693747	-4.633015	-4.689474	-4.632862	-4.632862	-4.632862	-4.632862	-4.632862	
-4.692068	-4.633015	-4.687948	-4.632710	-4.632862	-4.632862	-4.632862	-4.632862	
-4.693594	-4.633015	-4.687796	-4.632862	-4.632862	-4.632862	-4.632862	-4.633015	
-4.694968	-4.633015	-4.686270	-4.632862	-4.633015	-4.632862	-4.632862	-4.633015	
-4.695426	-4.633015	-4.686728	-4.632862	-4.632862	-4.632862	-4.632710	-4.632862	
-4.686728	-4.633015	-4.689016	-4.632862	-4.632862	-4.632862	-4.632862	-4.632862	
-4.683676	-4.633015	-4.686270	-4.632710	-4.632862	-4.632862	-4.632862	-4.632862	
-4.684134	-4.633015	-4.689169	-4.632710	-4.632862	-4.632862	-4.632862	-4.633015	
-4.681844	-4.633015	-4.687185	-4.632862	-4.632862	-4.632862	-4.632862	-4.632862	
-4.688406	-4.633015	-4.683981	-4.632862	-4.633015	-4.632862	-4.632862	-4.632862	
-4.689474	-4.633015	-4.690237	-4.632862	-4.633015	-4.632862	-4.632862	-4.632862	
-4.691153	-4.633015	-4.685354	-4.632862	-4.632862	-4.632862	-4.632710	-4.632862	
-4.696036	-4.633015	-4.687796	-4.632862	-4.632862	-4.632862	-4.632862	-4.632862	
-4.691305	-4.633015	-4.688559	-4.632862	-4.632862	-4.632862	-4.632862	-4.632862	
-4.686575	-4.633015	-4.685659	-4.632862	-4.632862	-4.632862	-4.632862	-4.632862	
-4.683371	-4.633015	-4.689016	-4.632710	-4.632862	-4.632862	-4.632862	-4.632862	
-4.682149	-4.633015	-4.687796	-4.632710	-4.632862	-4.632862	-4.632862	-4.632862	
-4.681234	-4.633015	-4.686117	-4.632862	-4.632862	-4.632862	-4.632862	-4.632862	
-4.677572	-4.633015	-4.690695	-4.632710	-4.632862	-4.633015	-4.632710	-4.632862	
-4.687338	-4.633015	-4.687643	-4.632862	-4.632862	-4.632862	-4.632710	-4.633015	
-4.693289	-4.633015	-4.688406	-4.632862	-4.632862	-4.632862	-4.632862	-4.632862	
-4.692832	-4.633015	-4.687643	-4.632862	-4.633015	-4.632862	-4.632862	-4.632862	
-4.691610	-4.633015	-4.687796	-4.632862	-4.633015	-4.632862	-4.632862	-4.632862	
-4.691458	-4.633015	-4.689169	-4.632862	-4.632862	-4.632862	-4.632710	-4.633015	
-4.693289	-4.633015	-4.686880	-4.632710	-4.632862	-4.632862	-4.632710	-4.633015	
-4.693289	-4.633015	-4.689779	-4.632862	-4.632862	-4.632862	-4.632862	-4.632862	
-4.690542	-4.633015	-4.685812	-4.632862	-4.632862	-4.632862	-4.632862	-4.632862	
-4.690695	-4.633015	-4.688101	-4.632862	-4.632862	-4.632862	-4.632862	-4.632862	
-4.688406	-4.633015	-4.688711	-4.632862	-4.632862	-4.632862	-4.632710	-4.633015	
-4.690695	-4.633015	-4.687490	-4.632862	-4.632862	-4.632862	-4.632862	-4.632862	
-4.684439	-4.633015	-4.687796	-4.632862	-4.632862	-4.632862	-4.632862	-4.632862	
-4.689016	-4.633015	-4.689169	-4.632862	-4.632862	-4.632862	-4.632710	-4.633015	
-4.691763	-4.633015	-4.687338	-4.632862	-4.632862	-4.632862	-4.632862	-4.632862	
-4.690084	-4.633015	-4.686880	-4.632710	-4.632862	-4.632862	-4.632862	-4.633015	
-4.686880	-4.633015	-4.689016	-4.632862	-4.633015	-4.632862	-4.632710	-4.632862	
-4.684286	-4.633015	-4.684439	-4.632862	-4.632862	-4.632862	-4.632862	-4.632862	
-4.687490	-4.633015	-4.689016	-4.632862	-4.632862	-4.632862	-4.632862	-4.633015	
-4.685202	-4.633015	-4.689779	-4.632862	-4.632862	-4.632862	-4.632710	-4.633015	
-4.685354	-4.633015	-4.686728	-4.632862	-4.632862	-4.632862	-4.632710	-4.632862	
-4.686575	-4.633015	-4.689016	-4.632862	-4.632862	-4.632862	-4.632862	-4.632862	
-4.688253	-4.633015	-4.689016	-4.632710	-4.632862	-4.632862	-4.632710	-4.632862	
-4.689627	-4.633015	-4.686422	-4.632862	-4.632862	-4.632862	-4.632862	-4.632862	
-4.692526	-4.633015	-4.687948	-4.632862	-4.633015	-4.632862	-4.632862	-4.632862	
-4.691458	-4.633015	-4.685965	-4.632862	-4.632862	-4.632862	-4.632862	-4.632862	
-4.688864	-4.633015	-4.688864	-4.632862	-4.632862	-4.632862	-4.632710	-4.632862	
-4.683981	-4.633015	-4.688711	-4.632862	-4.633015	-4.632862	-4.632862	-4.632862	
-4.679555	-4.633015	-4.685049	-4.632710	-4.632862	-4.632862	-4.632710	-4.633015	
-4.679708	-4.633015	-4.688864	-4.632862	-4.632862	-4.632862	-4.632862	-4.632862	
-4.681081	-4.633015	-4.687948	-4.632862	-4.633015	-4.632862	-4.632710	-4.632862	
-4.685659	-4.633015	-4.686728	-4.632862	-4.632862	-4.632862	-4.632862	-4.632862	
-4.687643	-4.633015	-4.687338	-4.632862	-4.632862	-4.632862	-4.632710	-4.632862	
-4.690542	-4.633015	-4.687338	-4.632862	-4.632862	-4.632862	-4.632710	-4.632862	
-4.685507	-4.633015	-4.689322	-4.632710	-4.632862	-4.632862	-4.632862	-4.632862	
-4.683828	-4.633015	-4.685049	-4.632862	-4.632862	-4.632862	-4.632710	-4.633015	
-4.689474	-4.633015	-4.687490	-4.632710	-4.632862	-4.632862	-4.632862	-4.632862	
-4.689627	-4.633015	-4.686270	-4.632862	-4.633015	-4.632862	-4.632862	-4.632862	
-4.687796	-4.633015	-4.686270	-4.632862	-4.632862	-4.632862	-4.632862	-4.633015	
-4.690542	-4.633015	-4.687796	-4.632862	-4.632862	-4.632862	-4.632862	-4.633015	
-4.691763	-4.633015	-4.688711	-4.632862	-4.632862	-4.632862	-4.632862	-4.632862	
-4.685507	-4.633015	-4.686270	-4.632862	-4.632862	-4.632862	-4.632862	-4.632862	
-4.686880	-4.633015	-4.687185	-4.632862	-4.632862	-4.632862	-4.632862	-4.632862	
-4.686728	-4.633015	-4.687033	-4.632862	-4.632862	-4.632862	-4.632862	-4.632862	
-4.686117	-4.633015	-4.688406	-4.632862	-4.632862	-4.632862	-4.632862	-4.632862	
-4.687796	-4.633015	-4.687185	-4.632862	-4.632862	-4.632862	-4.632710	-4.632862	
-4.691305	-4.633015	-4.689169	-4.632710	-4.632862	-4.632862	-4.632710	-4.633015	
-4.689322	-4.633015	-4.687033	-4.632862	-4.632862	-4.632862	-4.632710	-4.632862	
-4.683523	-4.633015	-4.686728	-4.632862	-4.632862	-4.632862	-4.632862	-4.633015	
-4.687948	-4.633015	-4.687948	-4.632862	-4.633015	-4.632862	-4.632862	-4.632862	
-4.687643	-4.633015	-4.685965	-4.632862	-4.632862	-4.632862	-4.632862	-4.632862	
-4.686422	-4.633015	-4.687948	-4.632862	-4.632862	-4.632862	-4.632862	-4.632862	
-4.688864	-4.633015	-4.688101	-4.632862	-4.632862	-4.632862	-4.632862	-4.632862	
-4.691000	-4.633015	-4.684591	-4.632862	-4.632862	-4.632862	-4.632710	-4.632862	
-4.687490	-4.633015	-4.688101	-4.632710	-4.632862	-4.632862	-4.632862	-4.632862	
-4.687338	-4.633015	-4.690084	-4.632862	-4.632862	-4.632862	-4.632862	-4.632862	
-4.683371	-4.633015	-4.684134	-4.632862	-4.632862	-4.632862	-4.632710	-4.632862	
-4.685354	-4.633015	-4.689779	-4.632862	-4.632862	-4.632862	-4.632862	-4.633015	
-4.684439	-4.633015	-4.686117	-4.632862	-4.632862	-4.632862	-4.632862	-4.632862	
-4.685507	-4.633015	-4.686728	-4.632862	-4.633015	-4.632862	-4.632710	-4.632862	
-4.690390	-4.633015	-4.688101	-4.632862	-4.632862	-4.632862	-4.632710	-4.632862	
-4.689779	-4.633015	-4.684591	-4.632862	-4.633015	-4.632862	-4.632862	-4.632862	
-4.682455	-4.633015	-4.689016	-4.632862	-4.632862	-4.632862	-4.632862	-4.632862	
-4.681844	-4.633015	-4.687643	-4.632862	-4.632862	-4.632862	-4.632862	-4.632862	
-4.687643	-4.633015	-4.688711	-4.632862	-4.633015	-4.632862	-4.632862	-4.632862	
-4.687796	-4.633015	-4.689169	-4.632862	-4.632862	-4.632862	-4.632862	-4.633015	
-4.689169	-4.633015	-4.686880	-4.632862	-4.632862	-4.632862	-4.632862	-4.632862	
-4.689322	-4.633015	-4.688864	-4.632862	-4.632862	-4.632862	-4.632862	-4.632862	
-4.683676	-4.633015	-4.688559	-4.632862	-4.632862	-4.632862	-4.632862	-4.632862	
-4.686575	-4.633015	-4.687033	-4.632862	-4.633015	-4.632862	-4.632710	-4.632862	
-4.689016	-4.633015	-4.688711	-4.632862	-4.632862	-4.632862	-4.632862	-4.632862	
-4.688864	-4.633015	-4.687185	-4.632862	-4.632862	-4.632862	-4.632710	-4.632862	
-4.687338	-4.633015	-4.688559	-4.632862	-4.632862	-4.632862	-4.632710	-4.632862	
-4.690390	-4.633015	-4.688101	-4.632862	-4.632862	-4.632862	-4.632862	-4.632862	
-4.685354	-4.633015	-4.688864	-4.632862	-4.633015	-4.632862	-4.632710	-4.632862	
-4.683065	-4.633015	-4.686728	-4.632862	-4.632862	-4.632862	-4.632710	-4.632862	
-4.688406	-4.633015	-4.687948	-4.632862	-4.632862	-4.632862	-4.632862	-4.632862	
-4.691916	-4.633015	-4.689169	-4.632862	-4.632862	-4.632862	-4.632862	-4.633015	
-4.687490	-4.633015	-4.685202	-4.632862	-4.632862	-4.632862	-4.632710	-4.632862	
-4.682913	-4.633015	-4.689169	-4.632862	-4.632862	-4.632862	-4.632862	-4.632862	
-4.685354	-4.633015	-4.687948	-4.632862	-4.632862	-4.632862	-4.632862	-4.632862	
-4.681234	-4.633015	-4.685507	-4.632710	-4.632862	-4.632862	-4.632710	-4.632862	
-4.689474	-4.633015	-4.691153	-4.632862	-4.632862	-4.632862	-4.632862	-4.633015	
-4.687338	-4.633015	-4.685049	-4.632862	-4.632862	-4.632862	-4.632862	-4.632862	
-4.686117	-4.633015	-4.688253	-4.632862	-4.632862	-4.632862	-4.632862	-4.632862	
-4.682607	-4.633015	-4.687948	-4.632862	-4.633015	-4.632862	-4.632862	-4.632862	
-4.684286	-4.633015	-4.685812	-4.632862	-4.632862	-4.632862	-4.632710	-4.632862	
-4.683981	-4.633015	-4.688406	-4.632862	-4.632862	-4.632862	-4.632710	-4.632862	
-4.679861	-4.633015	-4.687796	-4.632862	-4.633015	-4.632862	-4.632862	-4.633015	
-4.680013	-4.633015	-4.685507	-4.632862	-4.633015	-4.632862	-4.632862	-4.632862	
-4.675893	-4.633015	-4.685812	-4.632862	-4.633015	-4.632862	-4.632710	-4.632862	
-4.683676	-4.633015	-4.687338	-4.632710	-4.632862	-4.632862	-4.632862	-4.633015	
-4.687490	-4.633015	-4.686422	-4.632862	-4.632862	-4.632862	-4.632710	-4.632862	
-4.687185	-4.633015	-4.688406	-4.632862	-4.632862	-4.632862	-4.632710	-4.632862	
-4.691153	-4.633015	-4.688253	-4.632862	-4.632862	-4.632862	-4.632862	-4.632862	
-4.681997	-4.633015	-4.687490	-4.632862	-4.633015	-4.632862	-4.632710	-4.632862	
-4.688559	-4.633015	-4.685659	-4.632862	-4.632862	-4.632862	-4.632862	-4.632862	
-4.689322	-4.633015	-4.688406	-4.632862	-4.633015	-4.632862	-4.632710	-4.632862	
-4.687338	-4.633015	-4.687033	-4.632862	-4.633015	-4.632862	-4.632862	-4.632862	
-4.686422	-4.633015	-4.688559	-4.632862	-4.632862	-4.632862	-4.632862	-4.632862	
-4.688864	-4.633015	-4.688253	-4.632862	-4.632862	-4.632862	-4.632710	-4.632862	
-4.679861	-4.633015	-4.687185	-4.632862	-4.632862	-4.632862	-4.632862	-4.632862	
-4.686270	-4.633015	-4.687796	-4.632862	-4.632862	-4.632862	-4.632862	-4.632862	
-4.685965	-4.633015	-4.685812	-4.632862	-4.633015	-4.632862	-4.632710	-4.633015	
-4.688559	-4.633015	-4.687338	-4.632862	-4.632862	-4.632862	-4.632710	-4.632862	
-4.689322	-4.633015	-4.688864	-4.632862	-4.633015	-4.632862	-4.632710	-4.632862	
-4.690084	-4.633015	-4.687185	-4.632862	-4.632862	-4.632862	-4.632862	-4.632862	
-4.686575	-4.633015	-4.687796	-4.632862	-4.632862	-4.632862	-4.632862	-4.633015	
-4.692526	-4.633015	-4.689169	-4.632862	-4.632862	-4.632862	-4.632710	-4.633015	
-4.682149	-4.633015	-4.687338	-4.632862	-4.632862	-4.632862	-4.632862	-4.632862	
-4.684591	-4.633015	-4.687033	-4.632862	-4.632862	-4.632862	-4.632862	-4.632862	
-4.696036	-4.633015	-4.687338	-4.632862	-4.632862	-4.632862	-4.632862	-4.632862	
-4.692373	-4.633015	-4.686880	-4.632862	-4.632862	-4.632862	-4.632710	-4.632862	
-4.690695	-4.633015	-4.689474	-4.632862	-4.632862	-4.632862	-4.632710	-4.633015	
-4.689169	-4.633015	-4.686728	-4.632862	-4.632862	-4.632862	-4.632710	-4.632862	
-4.686575	-4.633015	-4.688406	-4.632862	-4.633015	-4.632862	-4.632862	-4.632862	
-4.685507	-4.633015	-4.688253	-4.632862	-4.632862	-4.632862	-4.632862	-4.633015	
-4.687185	-4.633015	-4.687490	-4.632862	-4.632862	-4.632862	-4.632862	-4.633015	
-4.689322	-4.633015	-4.690084	-4.632862	-4.632862	-4.632862	-4.632862	-4.632862	
-4.687185	-4.633015	-4.687948	-4.632862	-4.632862	-4.632862	-4.632862	-4.632862	
-4.680013	-4.633015	-4.687643	-4.632862	-4.633015	-4.632862	-4.632710	-4.632862	
-4.694968	-4.633015	-4.687490	-4.632862	-4.632862	-4.632862	-4.632862	-4.632862	
-4.696036	-4.633015	-4.689627	-4.632862	-4.633015	-4.632862	-4.632710	-4.632862	
-4.691763	-4.633015	-4.690084	-4.632862	-4.632862	-4.632862	-4.632862	-4.632862	
-4.697562	-4.633015	-4.690390	-4.632710	-4.632862	-4.632862	-4.632862	-4.632862	
-4.694205	-4.633015	-4.686270	-4.632862	-4.633015	-4.632862	-4.632862	-4.632862	
-4.680776	-4.633015	-4.688864	-4.632862	-4.632862	-4.632862	-4.632862	-4.632862	
-4.689169	-4.633015	-4.688406	-4.632862	-4.632862	-4.632862	-4.632862	-4.632862	
-4.692832	-4.633015	-4.684744	-4.632862	-4.633015	-4.632862	-4.632862	-4.632862	
-4.691305	-4.633015	-4.689474	-4.632862	-4.632862	-4.632862	-4.632710	-4.632862	
-4.687948	-4.633015	-4.688864	-4.632710	-4.632862	-4.632862	-4.632862	-4.632862	
-4.692526	-4.633015	-4.686728	-4.632862	-4.632862	-4.632862	-4.632862	-4.632862	
-4.685507	-4.633015	-4.687490	-4.632862	-4.633015	-4.632862	-4.632862	-4.632862	
-4.683676	-4.633015	-4.688101	-4.632862	-4.633015	-4.632862	-4.632862	-4.632862	
-4.684744	-4.633015	-4.687643	-4.632710	-4.632862	-4.632862	-4.632710	-4.632862	
-4.678945	-4.633015	-4.686728	-4.632862	-4.633015	-4.632862	-4.632710	-4.632862	
-4.689932	-4.633015	-4.688253	-4.632862	-4.632862	-4.632862	-4.632862	-4.632862	
-4.697257	-4.633015	-4.685812	-4.632710	-4.633015	-4.632862	-4.632710	-4.632862	
-4.694205	-4.633015	-4.685354	-4.632862	-4.632862	-4.632862	-4.632862	-4.632862	
-4.693137	-4.633015	-4.690390	-4.632710	-4.632862	-4.632862	-4.632862	-4.632862	
-4.682913	-4.633015	-4.685812	-4.632862	-4.632862	-4.632862	-4.632862	-4.632862	
-4.687338	-4.633015	-4.689474	-4.632862	-4.632862	-4.632862	-4.632710	-4.632862	
-4.689627	-4.633015	-4.689322	-4.632862	-4.632862	-4.632862	-4.632710	-4.632862	
-4.686575	-4.633015	-4.682913	-4.632862	-4.632862	-4.632862	-4.632710	-4.632862	
-4.692526	-4.633015	-4.688101	-4.632862	-4.632862	-4.632862	-4.632862	-4.633015	
-4.696951	-4.633015	-4.686728	-4.632862	-4.632862	-4.632862	-4.632862	-4.632862	
-4.692373	-4.633015	-4.684439	-4.632710	-4.632862	-4.632862	-4.632862	-4.633015	
-4.687338	-4.633015	-4.688864	-4.632862	-4.632862	-4.632862	-4.632862	-4.633015	
-4.693289	-4.633015	-4.688253	-4.632862	-4.632862	-4.632862	-4.632862	-4.632862	
-4.689169	-4.633015	-4.685049	-4.632862	-4.632862	-4.632862	-4.632710	-4.632862	
-4.692984	-4.633015	-4.689169	-4.632862	-4.632862	-4.632862	-4.632862	-4.632862	
-4.693594	-4.633015	-4.686422	-4.632862	-4.632862	-4.632862	-4.632710	-4.632862	
-4.686575	-4.633015	-4.688101	-4.632862	-4.632862	-4.632862	-4.632862	-4.633015	
-4.684134	-4.633015	-4.685049	-4.632862	-4.632862	-4.632862	-4.632710	-4.632862	
-4.686117	-4.633015	-4.687948	-4.632862	-4.632862	-4.632862	-4.632710	-4.632862	
-4.676351	-4.633015	-4.687185	-4.632862	-4.633015	-4.632862	-4.632862	-4.632862	
-4.690390	-4.633015	-4.684439	-4.632862	-4.632862	-4.632862	-4.632862	-4.632862	
-4.690390	-4.633015	-4.688711	-4.632862	-4.632862	-4.632862	-4.632862	-4.632862	
-4.684134	-4.633015	-4.687643	-4.632862	-4.632862	-4.632862	-4.632710	-4.632862	
-4.690390	-4.633015	-4.683981	-4.632862	-4.632862	-4.632862	-4.632862	-4.633015	
-4.692373	-4.633015	-4.687338	-4.632710	-4.632862	-4.632862	-4.632862	-4.632862	
-4.689016	-4.633015	-4.688406	-4.632862	-4.632862	-4.632862	-4.632862	-4.632862	
-4.689322	-4.633015	-4.683981	-4.632862	-4.632862	-4.632862	-4.632862	-4.633015	
-4.689627	-4.633015	-4.690237	-4.632862	-4.632862	-4.632862	-4.632862	-4.632862	
-4.689016	-4.633015	-4.689169	-4.632862	-4.632862	-4.632862	-4.632862	-4.632862	
-4.687643	-4.633015	-4.687796	-4.632862	-4.632862	-4.632862	-4.632862	-4.632862	
-4.691763	-4.633015	-4.685965	-4.632710	-4.632862	-4.632862	-4.632862	-4.632862	
-4.691305	-4.633015	-4.690390	-4.632862	-4.632862	-4.632862	-4.632862	-4.632862	
-4.689932	-4.633015	-4.684286	-4.632862	-4.632862	-4.632862	-4.632710	-4.632862	
-4.692832	-4.633015	-4.690390	-4.632710	-4.632862	-4.632862	-4.632862	-4.632862	
-4.692679	-4.633015	-4.688101	-4.632862	-4.633015	-4.632862	-4.632710	-4.632862	
-4.687033	-4.633015	-4.686728	-4.632862	-4.632862	-4.632862	-4.632862	-4.632862	
-4.687490	-4.633015	-4.687948	-4.632862	-4.632862	-4.632862	-4.632710	-4.632862	
-4.687948	-4.633015	-4.688101	-4.632862	-4.632862	-4.632862	-4.632862	-4.632862	
-4.682149	-4.633015	-4.686117	-4.632862	-4.632862	-4.632862	-4.632862	-4.632862	
-4.683523	-4.633015	-4.689474	-4.632862	-4.632862	-4.632862	-4.632710	-4.632862	
-4.683371	-4.633015	-4.687185	-4.632862	-4.632862	-4.632862	-4.632710	-4.632862	
-4.679403	-4.633015	-4.686117	-4.632862	-4.632862	-4.632862	-4.632862	-4.632862	
-4.685659	-4.633015	-4.691610	-4.632862	-4.632862	-4.632862	-4.632862	-4.632862	
-4.685354	-4.633015	-4.687490	-4.632862	-4.632862	-4.632862	-4.632862	-4.632862	
-4.686728	-4.633015	-4.686117	-4.632862	-4.632862	-4.632862	-4.632710	-4.632862	
-4.689474	-4.633015	-4.689779	-4.632862	-4.632862	-4.632862	-4.632710	-4.632862	
-4.686270	-4.633015	-4.686117	-4.632862	-4.632862	-4.632862	-4.632862	-4.632862	
-4.686728	-4.633015	-4.690237	-4.632862	-4.632862	-4.632862	-4.632862	-4.632862	
-4.687185	-4.633015	-4.690542	-4.632862	-4.632862	-4.632862	-4.632862	-4.632862	
-4.687033	-4.633015	-4.687490	-4.632862	-4.632862	-4.632862	-4.632862	-4.633015	
-4.685202	-4.633015	-4.689779	-4.632710	-4.632862	-4.632862	-4.632862	-4.633015	
-4.680166	-4.633015	-4.687033	-4.632862	-4.633015	-4.632862	-4.632862	-4.632862	
-4.680929	-4.633015	-4.687796	-4.632710	-4.632862	-4.632862	-4.632862	-4.633015	
-4.678335	-4.633015	-4.687185	-4.632862	-4.632862	-4.632862	-4.632862	-4.632862	
-4.677114	-4.633015	-4.686728	-4.632862	-4.632862	-4.632862	-4.632862	-4.633015	
-4.682607	-4.633015	-4.686728	-4.632862	-4.632862	-4.632862	-4.632862	-4.633015	
-4.689016	-4.633015	-4.687033	-4.632862	-4.632862	-4.632862	-4.632710	-4.632862	
-4.689932	-4.633015	-4.687948	-4.632862	-4.633015	-4.632862	-4.632710	-4.632862	
-4.688406	-4.633015	-4.688711	-4.632862	-4.632862	-4.632862	-4.632710	-4.632862	
-4.682149	-4.633015	-4.687490	-4.632862	-4.633015	-4.632862	-4.632862	-4.632862	
-4.681692	-4.633015	-4.686270	-4.632862	-4.633015	-4.632862	-4.632862	-4.632862	
-4.686117	-4.633015	-4.687796	-4.632862	-4.632862	-4.632862	-4.632862	-4.632862	
-4.685354	-4.633015	-4.686880	-4.632862	-4.632862	-4.632862	-4.632862	-4.632862	
-4.691916	-4.633015	-4.687643	-4.632862	-4.632862	-4.632862	-4.632862	-4.632862	
-4.694663	-4.633015	-4.687948	-4.632862	-4.633015	-4.632862	-4.632710	-4.632862	
-4.687948	-4.633015	-4.688253	-4.632862	-4.632862	-4.632862	-4.632862	-4.632862	
-4.687338	-4.633015	-4.688559	-4.632862	-4.632862	-4.632862	-4.632862	-4.633015	
-4.685354	-4.633015	-4.689627	-4.632862	-4.632862	-4.632862	-4.632862	-4.632862	
-4.679555	-4.633015	-4.687948	-4.632862	-4.633015	-4.632862	-4.632710	-4.632862	
-4.687643	-4.633015	-4.691000	-4.632710	-4.633015	-4.632862	-4.632862	-4.632862	
-4.694663	-4.633015	-4.686880	-4.632862	-4.632862	-4.632862	-4.632862	-4.633015	
-4.698325	-4.633015	-4.686728	-4.632710	-4.632862	-4.632862	-4.632710	-4.632862	
-4.684896	-4.633015	-4.688864	-4.632862	-4.632862	-4.632862	-4.632710	-4.632862	
-4.681081	-4.633015	-4.685049	-4.632710	-4.632862	-4.632862	-4.632862	-4.632862	
-4.676656	-4.633015	-4.686422	-4.632710	-4.632862	-4.632862	-4.632862	-4.633015	
-4.679861	-4.633015	-4.688253	-4.632862	-4.632862	-4.632862	-4.632862	-4.632862	
-4.687948	-4.633015	-4.687338	-4.632862	-4.632862	-4.632862	-4.632710	-4.632862	
-4.690542	-4.633015	-4.686422	-4.632862	-4.632862	-4.632862	-4.632862	-4.633015	
-4.689627	-4.633015	-4.686422	-4.632862	-4.633015	-4.632862	-4.632710	-4.632862	
-4.695426	-4.633015	-4.684439	-4.632862	-4.632862	-4.632862	-4.632710	-4.632862	
-4.689627	-4.633015	-4.685049	-4.632710	-4.632862	-4.632862	-4.632862	-4.633015	
-4.694968	-4.633015	-4.686880	-4.632862	-4.633015	-4.632862	-4.632862	-4.633015	
-4.690847	-4.633015	-4.685659	-4.632862	-4.632862	-4.632862	-4.632710	-4.632862	
-4.681997	-4.633015	-4.684286	-4.632862	-4.632862	-4.632862	-4.632710	-4.632862	
-4.678792	-4.633015	-4.686728	-4.632862	-4.633015	-4.632862	-4.632862	-4.632862	
-4.686880	-4.633015	-4.686728	-4.632862	-4.632862	-4.632862	-4.632710	-4.632862	
-4.690695	-4.633015	-4.687185	-4.632862	-4.632862	-4.632862	-4.632862	-4.633015	
-4.693594	-4.633015	-4.687033	-4.632862	-4.632862	-4.632862	-4.632710	-4.632862	
-4.693594	-4.633015	-4.689016	-4.632862	-4.632862	-4.632862	-4.632710	-4.632862	
-4.688406	-4.633015	-4.687796	-4.632862	-4.632862	-4.632862	-4.632862	-4.632862	
-4.685965	-4.633015	-4.685202	-4.632862	-4.632862	-4.632862	-4.632710	-4.632862	
-4.687796	-4.633015	-4.689016	-4.632862	-4.632862	-4.632862	-4.632862	-4.632862	
-4.682760	-4.633015	-4.686728	-4.632862	-4.632862	-4.632862	-4.632862	-4.632862	
-4.677724	-4.633015	-4.687643	-4.632862	-4.632862	-4.632862	-4.632862	-4.632862	
-4.682149	-4.633015	-4.688101	-4.632862	-4.633015	-4.632862	-4.632862	-4.632862	
-4.680776	-4.633015	-4.685812	-4.632862	-4.632862	-4.632862	-4.632710	-4.632862	
-4.685659	-4.633015	-4.687033	-4.632862	-4.632862	-4.632862	-4.632862	-4.632862	
-4.689169	-4.633015	-4.688406	-4.632862	-4.632862	-4.632862	-4.632862	-4.632862	
-4.691916	-4.633015	-4.687033	-4.632862	-4.632862	-4.632862	-4.632710	-4.632862	
-4.694357	-4.633015	-4.688406	-4.632862	-4.632862	-4.632862	-4.632862	-4.632862	
-4.694357	-4.633015	-4.690542	-4.632862	-4.632862	-4.632862	-4.632710	-4.632862	
-4.693900	-4.633015	-4.684744	-4.632862	-4.633015	-4.632862	-4.632862	-4.632862	
-4.689169	-4.633015	-4.688253	-4.632862	-4.633015	-4.632862	-4.632862	-4.632862	
-4.687643	-4.633015	-4.687338	-4.632710	-4.633015	-4.632862	-4.632710	-4.632862	
-4.688101	-4.633015	-4.685354	-4.632862	-4.632862	-4.632862	-4.632862	-4.632862	
-4.688559	-4.633015	-4.687643	-4.632710	-4.632862	-4.632862	-4.632710	-4.632862	
-4.694510	-4.633015	-4.687643	-4.632862	-4.632862	-4.632862	-4.632862	-4.633015	
-4.689169	-4.633015	-4.687185	-4.632862	-4.632862	-4.633015	-4.632862	-4.632862	
-4.689932	-4.633015	-4.690695	-4.632862	-4.632862	-4.632862	-4.632862	-4.633015	
-4.688559	-4.633015	-4.685659	-4.632862	-4.632862	-4.632862	-4.632862	-4.632862	
-4.686575	-4.633015	-4.687643	-4.632862	-4.632862	-4.632862	-4.632862	-4.633015	
-4.684134	-4.633015	-4.688253	-4.632862	-4.632862	-4.632862	-4.632862	-4.632862	
-4.685354	-4.633015	-4.686270	-4.632710	-4.632862	-4.632862	-4.632710	-4.632862	
-4.683676	-4.633015	-4.689169	-4.632862	-4.632862	-4.632862	-4.632862	-4.632862	
-4.682455	-4.633015	-4.684896	-4.632862	-4.632862	-4.632862	-4.632710	-4.632862	
-4.688559	-4.633015	-4.687643	-4.632862	-4.632862	-4.632862	-4.632862	-4.632862	
-4.691458	-4.633015	-4.687643	-4.632862	-4.632862	-4.632862	-4.632862	-4.632862	
-4.693442	-4.633015	-4.688559	-4.632862	-4.633015	-4.632862	-4.632862	-4.632862	
-4.692526	-4.633015	-4.687185	-4.632862	-4.632862	-4.632862	-4.632862	-4.632862	
-4.688253	-4.633015	-4.687490	-4.632862	-4.632862	-4.632862	-4.632710	-4.632862	
-4.689779	-4.633015	-4.687643	-4.632862	-4.632862	-4.632862	-4.632862	-4.632862	
-4.682760	-4.633015	-4.686422	-4.632862	-4.632862	-4.632862	-4.632862	-4.632862	
-4.681692	-4.633015	-4.689322	-4.632862	-4.633015	-4.632862	-4.632710	-4.632862	
-4.686728	-4.633015	-4.687948	-4.632862	-4.632862	-4.632862	-4.632862	-4.633015	
-4.688253	-4.633015	-4.688101	-4.632862	-4.632862	-4.632862	-4.632862	-4.632862	
-4.691305	-4.633015	-4.688559	-4.632862	-4.632862	-4.632862	-4.632862	-4.632862	
-4.687338	-4.633015	-4.686270	-4.632862	-4.632862	-4.632862	-4.632862	-4.633015	
-4.685354	-4.633015	-4.688559	-4.632862	-4.633015	-4.632862	-4.632862	-4.632862	
-4.689016	-4.633015	-4.687796	-4.632862	-4.632862	-4.632862	-4.632862	-4.632862	
-4.687948	-4.633015	-4.686422	-4.632710	-4.632862	-4.632862	-4.632862	-4.632862	
-4.686575	-4.633015	-4.688711	-4.632862	-4.632862	-4.632862	-4.632862	-4.632862	
-4.676198	-4.633015	-4.688406	-4.632710	-4.632862	-4.632862	-4.632862	-4.633015	
-4.691916	-4.633015	-4.688864	-4.632862	-4.633015	-4.632862	-4.632862	-4.632862	
-4.696036	-4.633015	-4.687643	-4.632862	-4.632862	-4.632862	-4.632862	-4.632862	
-4.691763	-4.633015	-4.687490	-4.632862	-4.633015	-4.632862	-4.632710	-4.632862	
-4.690237	-4.633015	-4.688711	-4.632862	-4.632862	-4.632862	-4.632862	-4.632862	
-4.687796	-4.633015	-4.686728	-4.632862	-4.632862	-4.632862	-4.632862	-4.632862	
-4.684896	-4.633015	-4.687796	-4.632862	-4.632862	-4.632862	-4.632710	-4.632862	
-4.686422	-4.633015	-4.688101	-4.632862	-4.632862	-4.632862	-4.632862	-4.632862	
-4.685507	-4.633015	-4.690390	-4.632862	-4.633015	-4.632862	-4.632710	-4.633015	
-4.681081	-4.633015	-4.686422	-4.632862	-4.632862	-4.632862	-4.632862	-4.632862	
-4.685812	-4.633015	-4.688559	-4.632862	-4.632862	-4.632862	-4.632862	-4.632862	
-4.689169	-4.633015	-4.686422	-4.632862	-4.632862	-4.632862	-4.632862	-4.632862	
-4.691000	-4.633015	-4.687033	-4.632862	-4.632862	-4.632862	-4.632862	-4.632862	
-4.684591	-4.633015	-4.688101	-4.632862	-4.632862	-4.632862	-4.632710	-4.633015	
-4.690695	-4.633015	-4.689169	-4.632862	-4.632862	-4.632862	-4.632862	-4.632862	
-4.694968	-4.633015	-4.685812	-4.632862	-4.632862	-4.632862	-4.632862	-4.632862	
-4.686575	-4.633015	-4.689016	-4.632862	-4.632862	-4.632862	-4.632862	-4.633015	
-4.682302	-4.633015	-4.690237	-4.632862	-4.632862	-4.632862	-4.632710	-4.632862	
-4.684591	-4.633015	-4.686880	-4.632862	-4.632862	-4.632862	-4.632862	-4.632862	
-4.682913	-4.633015	-4.687185	-4.632862	-4.632862	-4.632862	-4.632862	-4.633015	
-4.689932	-4.633015	-4.689016	-4.632710	-4.632862	-4.632862	-4.632710	-4.632862	
-4.693900	-4.633015	-4.686270	-4.632862	-4.633015	-4.632862	-4.632862	-4.633015	
-4.685659	-4.633015	-4.687185	-4.632710	-4.632862	-4.632862	-4.632710	-4.632862	
-4.685507	-4.633015	-4.688253	-4.632862	-4.632862	-4.632862	-4.632710	-4.632862	
-4.685507	-4.633015	-4.686270	-4.632862	-4.632862	-4.632862	-4.632862	-4.632862	
-4.669637	-4.633015	-4.687338	-4.632862	-4.632862	-4.632862	-4.632862	-4.632862	
-4.672842	-4.633015	-4.687490	-4.632862	-4.632862	-4.632862	-4.632862	-4.632862	
-4.683828	-4.633015	-4.685812	-4.632862	-4.632862	-4.632862	-4.632862	-4.632862	
-4.692068	-4.633015	-4.687643	-4.632862	-4.632862	-4.632862	-4.632710	-4.632862	
-4.694052	-4.633015	-4.687948	-4.632862	-4.632862	-4.632862	-4.632710	-4.632862	
-4.692068	-4.633015	-4.685965	-4.632862	-4.633015	-4.632862	-4.632862	-4.633015	
-4.686422	-4.633015	-4.686880	-4.632862	-4.632862	-4.632862	-4.632862	-4.632862	
-4.691305	-4.633015	-4.687948	-4.632862	-4.633015	-4.632862	-4.632710	-4.632862	
-4.687796	-4.633015	-4.684591	-4.632862	-4.632862	-4.632862	-4.632862	-4.632862	
-4.680471	-4.633015	-4.688711	-4.632710	-4.632862	-4.632862	-4.632862	-4.632862	
-4.689322	-4.633015	-4.688711	-4.632862	-4.633015	-4.632862	-4.632862	-4.632862	
-4.695578	-4.633015	-4.687490	-4.632862	-4.632862	-4.632862	-4.632862	-4.632862	
-4.690847	-4.633015	-4.689627	-4.632862	-4.632862	-4.632862	-4.632862	-4.632862	
-4.685965	-4.633015	-4.684896	-4.632862	-4.632862	-4.632862	-4.632862	-4.632862	
-4.691305	-4.633015	-4.685354	-4.632862	-4.632862	-4.632862	-4.632710	-4.632862	
-4.687796	-4.633015	-4.688101	-4.632862	-4.632862	-4.632862	-4.632710	-4.633015	
-4.687033	-4.633015	-4.686117	-4.632862	-4.632862	-4.632862	-4.632862	-4.633015	
-4.691305	-4.633015	-4.688253	-4.632862	-4.633015	-4.632862	-4.632710	-4.632862	
-4.689016	-4.633015	-4.688406	-4.632862	-4.632862	-4.632862	-4.632862	-4.632862	
-4.684286	-4.633015	-4.685812	-4.632862	-4.632862	-4.632862	-4.632710	-4.632862	
-4.687948	-4.633015	-4.688406	-4.632862	-4.632862	-4.632862	-4.632862	-4.633015	
-4.689169	-4.633015	-4.689322	-4.632862	-4.632862	-4.632862	-4.632710	-4.632862	
-4.680166	-4.633015	-4.686270	-4.632862	-4.633015	-4.632862	-4.632862	-4.632862	
-4.685812	-4.633015	-4.689474	-4.632862	-4.632862	-4.632862	-4.632862	-4.632862	
-4.691458	-4.633015	-4.686422	-4.632862	-4.633015	-4.632862	-4.632710	-4.632862	
-4.694205	-4.633015	-4.686117	-4.632862	-4.632862	-4.632862	-4.632862	-4.633015	
-4.696036	-4.633015	-4.687490	-4.632862	-4.632862	-4.632862	-4.632710	-4.632862	
-4.694205	-4.633015	-4.688864	-4.632862	-4.632862	-4.632862	-4.632862	-4.632862	
-4.696036	-4.633015	-4.687490	-4.632862	-4.632862	-4.632862	-4.632862	-4.633015	
-4.687490	-4.633015	-4.691153	-4.632862	-4.633015	-4.632862	-4.632862	-4.632862	
-4.682913	-4.633015	-4.686880	-4.632710	-4.633015	-4.632862	-4.632710	-4.632862	
-4.690237	-4.633015	-4.691153	-4.632710	-4.632862	-4.632862	-4.632710	-4.632862	
-4.682607	-4.633015	-4.684591	-4.632862	-4.632862	-4.632862	-4.632710	-4.632862	
-4.684744	-4.633015	-4.689779	-4.632862	-4.633015	-4.632862	-4.632710	-4.632862	
-4.690847	-4.633015	-4.687948	-4.632862	-4.633015	-4.632862	-4.632710	-4.632862	
-4.691153	-4.633015	-4.685354	-4.632710	-4.632862	-4.632862	-4.632862	-4.632862	
-4.690084	-4.633015	-4.689627	-4.632862	-4.633015	-4.632862	-4.632710	-4.632862	
-4.689627	-4.633015	-4.686422	-4.632862	-4.632862	-4.632862	-4.632710	-4.632862	
-4.687643	-4.633015	-4.688406	-4.632862	-4.632862	-4.632862	-4.632862	-4.632862	
-4.686270	-4.633015	-4.688101	-4.632862	-4.632862	-4.632862	-4.632862	-4.632862	
-4.686117	-4.633015	-4.686880	-4.632862	-4.632862	-4.632862	-4.632862	-4.632862	
-4.682760	-4.633015	-4.685812	-4.632710	-4.632862	-4.632862	-4.632862	-4.632862	
-4.685965	-4.633015	-4.687948	-4.632862	-4.632862	-4.632862	-4.632862	-4.632862	
-4.691763	-4.633015	-4.688864	-4.632862	-4.632862	-4.632862	-4.632862	-4.632862	
-4.689016	-4.633015	-4.687490	-4.632710	-4.632862	-4.632862	-4.632862	-4.633015	
-4.689474	-4.633015	-4.687338	-4.632862	-4.633015	-4.632862	-4.632862	-4.632862	
-4.687338	-4.633015	-4.688559	-4.632862	-4.633015	-4.632862	-4.632710	-4.633015	
-4.684286	-4.633015	-4.687338	-4.632862	-4.632862	-4.632862	-4.632862	-4.633015	
-4.686270	-4.633015	-4.686422	-4.632862	-4.632862	-4.632862	-4.632710	-4.632862	
-4.683523	-4.633015	-4.689169	-4.632862	-4.632862	-4.632862	-4.632710	-4.632862	
-4.680166	-4.633015	-4.688101	-4.632862	-4.632862	-4.632862	-4.632862	-4.632862	
-4.680166	-4.633015	-4.688711	-4.632862	-4.632862	-4.632862	-4.632710	-4.633015	
-4.688559	-4.633015	-4.692832	-4.632862	-4.632862	-4.632862	-4.632862	-4.632862	
-4.690695	-4.633015	-4.685659	-4.632862	-4.632862	-4.632862	-4.632862	-4.632862	
-4.684286	-4.633015	-4.687338	-4.632862	-4.632862	-4.632862	-4.632862	-4.633015	
-4.676656	-4.633015	-4.688711	-4.632710	-4.632862	-4.632862	-4.632862	-4.632862	
-4.678792	-4.633015	-4.684134	-4.632862	-4.633015	-4.632862	-4.632710	-4.632862	
-4.678945	-4.633015	-4.686117	-4.632710	-4.632862	-4.632862	-4.632862	-4.632862	
-4.679555	-4.633015	-4.686880	-4.632862	-4.633015	-4.632862	-4.632862	-4.633015	
-4.678487	-4.633015	-4.687033	-4.632862	-4.632862	-4.632862	-4.632710	-4.632862	
-4.668111	-4.633015	-4.687643	-4.632862	-4.632862	-4.632862	-4.632862	-4.632862	
-4.667959	-4.633015	-4.686117	-4.632710	-4.632862	-4.632862	-4.632862	-4.632862	
-4.678030	-4.633015	-4.688253	-4.632862	-4.632862	-4.632862	-4.632710	-4.632862	
-4.674673	-4.633015	-4.688253	-4.632862	-4.632862	-4.632862	-4.632862	-4.633015	
-4.681234	-4.633015	-4.689016	-4.632862	-4.632862	-4.632862	-4.632710	-4.632862	
-4.690695	-4.633015	-4.687796	-4.632710	-4.632862	-4.632862	-4.632862	-4.633015	
-4.694357	-4.633015	-4.687948	-4.632862	-4.632862	-4.632862	-4.632862	-4.632862	
-4.695731	-4.633015	-4.688864	-4.632862	-4.632862	-4.632862	-4.632862	-4.632862	
-4.686270	-4.633015	-4.688406	-4.632862	-4.633015	-4.632862	-4.632862	-4.632862	
-4.686575	-4.633015	-4.688101	-4.632862	-4.632862	-4.632862	-4.632710	-4.632862	
-4.691610	-4.633015	-4.687185	-4.632862	-4.633015	-4.632862	-4.632862	-4.632862	
-4.679861	-4.633015	-4.688711	-4.632862	-4.632862	-4.632862	-4.632862	-4.632862	
-4.696799	-4.633015	-4.687185	-4.632862	-4.632862	-4.632862	-4.632862	-4.633015	
-4.692373	-4.633015	-4.686880	-4.632862	-4.632862	-4.632862	-4.632862	-4.632862	
-4.691458	-4.633015	-4.689016	-4.632710	-4.632862	-4.632862	-4.632862	-4.632862	
-4.689779	-4.633015	-4.686117	-4.632862	-4.633015	-4.632862	-4.632710	-4.633015	
-4.693747	-4.633015	-4.686117	-4.632710	-4.632862	-4.632862	-4.632862	-4.632862	
-4.691458	-4.633015	-4.687643	-4.632710	-4.632862	-4.632862	-4.632710	-4.632862	
-4.684744	-4.633015	-4.687948	-4.632862	-4.632862	-4.632862	-4.632862	-4.632862	
-4.689322	-4.633015	-4.686117	-4.632862	-4.632862	-4.632862	-4.632862	-4.632862	
-4.687338	-4.633015	-4.686880	-4.632710	-4.632862	-4.632862	-4.632862	-4.632862	
-4.689016	-4.633015	-4.686728	-4.632710	-4.632862	-4.632862	-4.632862	-4.632862	
-4.696188	-4.633015	-4.685965	-4.632862	-4.632862	-4.632862	-4.632862	-4.632862	
-4.691000	-4.633015	-4.687185	-4.632862	-4.632862	-4.632862	-4.632710	-4.632862	
-4.687643	-4.633015	-4.687338	-4.632862	-4.632862	-4.632862	-4.632710	-4.632862	
-4.690542	-4.633015	-4.685507	-4.632710	-4.632862	-4.632862	-4.632862	-4.632862	
-4.696646	-4.633015	-4.687490	-4.632862	-4.632862	-4.632862	-4.632862	-4.632862	
-4.690847	-4.633015	-4.687490	-4.632710	-4.632862	-4.632862	-4.632862	-4.632862	
-4.687948	-4.633015	-4.689016	-4.632710	-4.632862	-4.632862	-4.632862	-4.632862	
-4.693900	-4.633015	-4.686270	-4.632862	-4.633015	-4.632862	-4.632862	-4.632862	
-4.690847	-4.633015	-4.687796	-4.632862	-4.632862	-4.632862	-4.632862	-4.632862	
-4.690237	-4.633015	-4.685507	-4.632862	-4.632862	-4.632862	-4.632862	-4.632862	
-4.691610	-4.633015	-4.687796	-4.632862	-4.632862	-4.632862	-4.632862	-4.633015	
-4.688253	-4.633015	-4.686422	-4.632862	-4.632862	-4.632862	-4.632862	-4.632862	
-4.694815	-4.633015	-4.685507	-4.632862	-4.632862	-4.632862	-4.632862	-4.632862	
-4.698172	-4.633015	-4.687643	-4.632862	-4.632862	-4.632862	-4.632862	-4.633015	
-4.696799	-4.633015	-4.686880	-4.632862	-4.632862	-4.632862	-4.632862	-4.632862	
-4.693747	-4.633015	-4.689322	-4.632862	-4.632862	-4.632862	-4.632710	-4.632862	
-4.697104	-4.633015	-4.687185	-4.632862	-4.633015	-4.632862	-4.632710	-4.632862	
-4.699851	-4.633015	-4.691305	-4.632862	-4.632862	-4.632862	-4.632862	-4.632862	
-4.692832	-4.633015	-4.687796	-4.632862	-4.632862	-4.632862	-4.632862	-4.632862	
-4.695426	-4.633015	-4.688864	-4.632710	-4.632862	-4.632862	-4.632862	-4.632862	
-4.687338	-4.633015	-4.690390	-4.632710	-4.632862	-4.632862	-4.632710	-4.632862	
-4.682302	-4.633015	-4.687490	-4.632862	-4.633015	-4.632862	-4.632862	-4.632862	
-4.690542	-4.633015	-4.689016	-4.632862	-4.633015	-4.632862	-4.632862	-4.632862	
-4.679250	-4.633015	-4.689016	-4.632862	-4.632862	-4.632862	-4.632862	-4.632862	
-4.660481	-4.633015	-4.688253	-4.632862	-4.632862	-4.632862	-4.632862	-4.632862	
-4.683218	-4.633015	-4.688406	-4.632862	-4.632862	-4.632862	-4.632862	-4.632862	
-4.691305	-4.633015	-4.687643	-4.632862	-4.632862	-4.632862	-4.632710	-4.632862	
-4.692373	-4.633015	-4.688559	-4.632710	-4.632862	-4.632862	-4.632710	-4.632862	
-4.687948	-4.633015	-4.687185	-4.632862	-4.632862	-4.632862	-4.632862	-4.632862	
-4.683523	-4.633015	-4.688253	-4.632862	-4.632862	-4.632862	-4.632862	-4.632862	
-4.665975	-4.633015	-4.687338	-4.632862	-4.632862	-4.632862	-4.632862	-4.632862	
-4.682455	-4.633015	-4.687185	-4.632862	-4.632862	-4.632862	-4.632710	-4.632862	
-4.679708	-4.633015	-4.689322	-4.632710	-4.632862	-4.632862	-4.632862	-4.632862	
-4.668264	-4.633015	-4.686270	-4.632862	-4.633015	-4.632862	-4.632710	-4.632862	
-4.683676	-4.633015	-4.688864	-4.632862	-4.632862	-4.632862	-4.632862	-4.632862	
-4.687490	-4.633015	-4.687796	-4.632862	-4.632862	-4.632862	-4.632862	-4.632862	
-4.679098	-4.633015	-4.688864	-4.632862	-4.632862	-4.632862	-4.632862	-4.632862	
-4.679861	-4.633015	-4.686728	-4.632862	-4.632862	-4.632862	-4.632710	-4.632862	
-4.686117	-4.633015	-4.689627	-4.632862	-4.632862	-4.632862	-4.632862	-4.632862	
-4.694357	-4.633015	-4.688101	-4.632862	-4.632862	-4.632862	-4.632862	-4.632862	
-4.693747	-4.633015	-4.686270	-4.632862	-4.633015	-4.632862	-4.632710	-4.632862	
-4.694205	-4.633015	-4.691000	-4.632862	-4.632862	-4.632862	-4.632710	-4.632862	
-4.686117	-4.633015	-4.687033	-4.632862	-4.632862	-4.632862	-4.632862	-4.632862	
-4.682302	-4.633015	-4.687185	-4.632862	-4.632862	-4.632862	-4.632862	-4.632862	
-4.692526	-4.633015	-4.689169	-4.632862	-4.633015	-4.632862	-4.632710	-4.632862	
-4.691153	-4.633015	-4.686880	-4.632862	-4.632862	-4.632862	-4.632862	-4.632862	
-4.692068	-4.633015	-4.687338	-4.632862	-4.633015	-4.632862	-4.632710	-4.632862	
-4.696036	-4.633015	-4.687796	-4.632862	-4.632862	-4.632862	-4.632710	-4.632862	
-4.686422	-4.633015	-4.687033	-4.632710	-4.632862	-4.632862	-4.632862	-4.632862	
-4.683371	-4.633015	-4.687643	-4.632862	-4.632862	-4.632862	-4.632710	-4.632862	
-4.685812	-4.633015	-4.685812	-4.632862	-4.633015	-4.632862	-4.632862	-4.632862	
-4.675130	-4.633015	-4.688864	-4.632710	-4.632862	-4.632862	-4.632862	-4.632862	
-4.678945	-4.633015	-4.687796	-4.632862	-4.632862	-4.632862	-4.632862	-4.632862	
-4.686575	-4.633015	-4.688253	-4.632862	-4.632862	-4.632862	-4.632862	-4.633015	
-4.690542	-4.633015	-4.687185	-4.632862	-4.632862	-4.632862	-4.632710	-4.632862	
-4.691916	-4.633015	-4.687796	-4.632862	-4.632862	-4.632862	-4.632710	-4.632862	
-4.694052	-4.633015	-4.687948	-4.632862	-4.633015	-4.632862	-4.632710	-4.632862	
-4.690237	-4.633015	-4.686728	-4.632862	-4.632862	-4.632862	-4.632862	-4.632862	
-4.689169	-4.633015	-4.686880	-4.632862	-4.633015	-4.632862	-4.632710	-4.632862	
-4.692526	-4.633015	-4.687338	-4.632862	-4.632862	-4.632862	-4.632862	-4.632862	
-4.693442	-4.633015	-4.688101	-4.632862	-4.632862	-4.632862	-4.632862	-4.632862	
-4.691610	-4.633015	-4.689169	-4.632862	-4.632862	-4.632862	-4.632862	-4.633015	
-4.691305	-4.633015	-4.688559	-4.632862	-4.632862	-4.632862	-4.632862	-4.632862	
-4.684896	-4.633015	-4.689169	-4.632862	-4.632862	-4.632862	-4.632710	-4.632862	
-4.683981	-4.633015	-4.687796	-4.632862	-4.632862	-4.632862	-4.632862	-4.632862	
-4.691153	-4.633015	-4.688253	-4.632862	-4.632862	-4.632862	-4.632710	-4.632862	
-4.677419	-4.633015	-4.685507	-4.632862	-4.632862	-4.632862	-4.632710	-4.632862	
-4.683371	-4.633015	-4.686422	-4.632862	-4.632862	-4.632862	-4.632710	-4.632862	
-4.693594	-4.633015	-4.687490	-4.632710	-4.632862	-4.632862	-4.632862	-4.632862	
-4.689169	-4.633015	-4.685354	-4.632862	-4.632862	-4.632862	-4.632862	-4.632862	
-4.685507	-4.633015	-4.687948	-4.632862	-4.632862	-4.632862	-4.632862	-4.632862	
-4.693442	-4.633015	-4.687185	-4.632862	-4.632862	-4.632862	-4.632710	-4.632862	
-4.691305	-4.633015	-4.690390	-4.632710	-4.632862	-4.632862	-4.632862	-4.632862	
-4.687490	-4.633015	-4.686728	-4.632862	-4.633015	-4.632862	-4.632710	-4.633015	
-4.694510	-4.633015	-4.689474	-4.632862	-4.632862	-4.632862	-4.632862	-4.632862	
-4.691763	-4.633015	-4.689322	-4.632862	-4.632862	-4.632862	-4.632862	-4.632862	
-4.689169	-4.633015	-4.684439	-4.632710	-4.632862	-4.632862	-4.632862	-4.632862	
-4.689322	-4.633015	-4.688101	-4.632862	-4.632862	-4.632862	-4.632862	-4.632862	
-4.683065	-4.633015	-4.687033	-4.632862	-4.632862	-4.632862	-4.632862	-4.633015	
-4.682149	-4.633015	-4.684134	-4.632862	-4.632862	-4.632862	-4.632710	-4.632862	
-4.687033	-4.633015	-4.688253	-4.632862	-4.632862	-4.632862	-4.632710	-4.632862	
-4.684896	-4.633015	-4.687948	-4.632862	-4.632862	-4.632862	-4.632862	-4.632862	
-4.681692	-4.633015	-4.687796	-4.632710	-4.632862	-4.632862	-4.632862	-4.632862	
-4.691610	-4.633015	-4.687643	-4.632862	-4.632862	-4.632862	-4.632710	-4.632862	
-4.687948	-4.633015	-4.688101	-4.632710	-4.632862	-4.632862	-4.632862	-4.632862	
-4.688101	-4.633015	-4.687033	-4.632862	-4.633015	-4.632862	-4.632862	-4.632862	
-4.696494	-4.633015	-4.688101	-4.632862	-4.632862	-4.632862	-4.632862	-4.633015	
-4.691763	-4.633015	-4.689627	-4.632862	-4.632862	-4.632862	-4.632862	-4.632862	
-4.682302	-4.633015	-4.685812	-4.632710	-4.632862	-4.632862	-4.632862	-4.632862	
-4.688864	-4.633015	-4.688711	-4.632710	-4.632862	-4.632862	-4.632862	-4.632862	
-4.689322	-4.633015	-4.686270	-4.632862	-4.632862	-4.632862	-4.632862	-4.632862	
-4.685354	-4.633015	-4.687490	-4.632862	-4.632862	-4.632862	-4.632862	-4.632862	
-4.689016	-4.633015	-4.688559	-4.632862	-4.632862	-4.632862	-4.632862	-4.632862	
-4.688406	-4.633015	-4.687796	-4.632862	-4.632862	-4.632862	-4.632710	-4.632862	
-4.679708	-4.633015	-4.690237	-4.632862	-4.632862	-4.632862	-4.632862	-4.632862	
-4.677724	-4.633015	-4.688253	-4.632862	-4.633015	-4.632862	-4.632862	-4.632862	
-4.683065	-4.633015	-4.688711	-4.632862	-4.632862	-4.632862	-4.632862	-4.633015	
-4.683828	-4.633015	-4.687033	-4.632862	-4.632862	-4.632862	-4.632710	-4.632862	
-4.683218	-4.633015	-4.687338	-4.632862	-4.632862	-4.632862	-4.632862	-4.632862	
-4.691458	-4.633015	-4.687033	-4.632862	-4.633015	-4.632862	-4.632710	-4.632862	
-4.696646	-4.633015	-4.687643	-4.632862	-4.632862	-4.632862	-4.632862	-4.632862	
-4.699698	-4.633015	-4.687338	-4.632862	-4.632862	-4.632862	-4.632710	-4.632862	
-4.693137	-4.633015	-4.687643	-4.632862	-4.633015	-4.632862	-4.632862	-4.632862	
-4.692984	-4.633015	-4.686270	-4.632862	-4.632862	-4.632862	-4.632862	-4.632862	
-4.689169	-4.633015	-4.687338	-4.632862	-4.633015	-4.632862	-4.632862	-4.632862	
-4.684134	-4.633015	-4.687033	-4.632710	-4.632862	-4.632862	-4.632862	-4.633015	
-4.690237	-4.633015	-4.686117	-4.632862	-4.632862	-4.632862	-4.632862	-4.632862	
-4.693747	-4.633015	-4.687643	-4.632862	-4.632862	-4.632862	-4.632862	-4.632862	
-4.696799	-4.633015	-4.687185	-4.632862	-4.632862	-4.632862	-4.632710	-4.632862	
-4.697562	-4.633015	-4.688711	-4.632862	-4.632862	-4.632862	-4.632862	-4.632862	
-4.689474	-4.633015	-4.687033	-4.632862	-4.633015	-4.632862	-4.632710	-4.632862	
-4.687490	-4.633015	-4.685812	-4.632710	-4.632862	-4.632862	-4.632862	-4.633015	
-4.681997	-4.633015	-4.688711	-4.632862	-4.632862	-4.632862	-4.632862	-4.633015	
-4.680929	-4.633015	-4.685965	-4.632862	-4.632862	-4.632862	-4.632862	-4.632862	
-4.683065	-4.633015	-4.688406	-4.632710	-4.632862	-4.632862	-4.632710	-4.632862	
-4.683523	-4.633015	-4.687490	-4.632862	-4.632862	-4.632862	-4.632710	-4.632862	
-4.678640	-4.633015	-4.686880	-4.632862	-4.633015	-4.632862	-4.632862	-4.632862	
-4.684134	-4.633015	-4.690084	-4.632862	-4.633015	-4.632862	-4.632710	-4.632862	
-4.687490	-4.633015	-4.686880	-4.632862	-4.632862	-4.632862	-4.632862	-4.632862	
-4.690542	-4.633015	-4.685354	-4.632862	-4.632862	-4.632862	-4.632862	-4.632862	
-4.688406	-4.633015	-4.687643	-4.632862	-4.632862	-4.632862	-4.632710	-4.632862	
-4.686422	-4.633015	-4.687490	-4.632710	-4.632862	-4.632862	-4.632862	-4.632862	
-4.693594	-4.633015	-4.687490	-4.632862	-4.632862	-4.632862	-4.632862	-4.633015	
-4.688101	-4.633015	-4.685965	-4.632862	-4.632862	-4.632862	-4.632862	-4.632862	
-4.681844	-4.633015	-4.686270	-4.632862	-4.632862	-4.632862	-4.632710	-4.632862	
-4.689627	-4.633015	-4.690390	-4.632862	-4.632862	-4.632862	-4.632862	-4.632862	
-4.687338	-4.633015	-4.686728	-4.632862	-4.632862	-4.632862	-4.632710	-4.632862	
-4.687490	-4.633015	-4.687643	-4.632862	-4.632862	-4.632862	-4.632862	-4.632862	
-4.694357	-4.633015	-4.688406	-4.632862	-4.632862	-4.632862	-4.632862	-4.632862	
-4.694357	-4.633015	-4.686880	-4.632862	-4.632862	-4.632862	-4.632710	-4.633015	
-4.692679	-4.633015	-4.687033	-4.632862	-4.632862	-4.632862	-4.632862	-4.632862	
-4.687796	-4.633015	-4.688406	-4.632862	-4.632862	-4.632862	-4.632710	-4.632862	
-4.690542	-4.633015	-4.687796	-4.632862	-4.632862	-4.632862	-4.632862	-4.633015	
-4.689322	-4.633015	-4.687185	-4.632710	-4.632862	-4.632862	-4.632862	-4.632862	
-4.686422	-4.633015	-4.686422	-4.632710	-4.632862	-4.632862	-4.632862	-4.633015	
-4.680624	-4.633015	-4.687948	-4.632710	-4.632862	-4.632862	-4.632862	-4.632862	
-4.683371	-4.633015	-4.685965	-4.632862	-4.632862	-4.632862	-4.632862	-4.632862	
-4.693594	-4.633015	-4.689016	-4.632862	-4.632862	-4.632862	-4.632862	-4.632862	
-4.684896	-4.633015	-4.688101	-4.632862	-4.633015	-4.632862	-4.632862	-4.632862	
-4.682760	-4.633015	-4.687033	-4.632862	-4.632862	-4.632862	-4.632862	-4.633015	
-4.693442	-4.633015	-4.688559	-4.632862	-4.632862	-4.632862	-4.632710	-4.633015	
-4.684439	-4.633015	-4.688101	-4.632710	-4.633015	-4.632862	-4.632862	-4.632862	
-4.683065	-4.633015	-4.688711	-4.632862	-4.632862	-4.632862	-4.632710	-4.632862	
-4.686270	-4.633015	-4.688864	-4.632862	-4.632862	-4.632862	-4.632710	-4.633015	
-4.683218	-4.633015	-4.684896	-4.632862	-4.632862	-4.632862	-4.632710	-4.632862	
-4.690847	-4.633015	-4.687490	-4.632862	-4.632862	-4.632862	-4.632710	-4.632862	
-4.692679	-4.633015	-4.688559	-4.632862	-4.633015	-4.632862	-4.632710	-4.632862	
-4.694510	-4.633015	-4.685354	-4.632862	-4.632862	-4.632862	-4.632862	-4.633015	
-4.689932	-4.633015	-4.690542	-4.632862	-4.632862	-4.632862	-4.632862	-4.632862	
-4.676046	-4.633015	-4.685812	-4.632862	-4.633015	-4.632862	-4.632710	-4.632862	
-4.680471	-4.633015	-4.686880	-4.632862	-4.632862	-4.632862	-4.632862	-4.633015	
-4.683676	-4.633015	-4.685507	-4.632862	-4.633015	-4.632862	-4.632710	-4.632862	
-4.681844	-4.633015	-4.687338	-4.632710	-4.632862	-4.632862	-4.632862	-4.633015	
-4.688864	-4.633015	-4.687185	-4.632862	-4.632862	-4.632862	-4.632710	-4.632862	
-4.686117	-4.633015	-4.686422	-4.632862	-4.632862	-4.632862	-4.632862	-4.632862	
-4.690847	-4.633015	-4.688253	-4.632862	-4.632862	-4.632862	-4.632862	-4.633015	
-4.692526	-4.633015	-4.687490	-4.632862	-4.632862	-4.632862	-4.632710	-4.632862	
-4.686880	-4.633015	-4.685507	-4.632862	-4.632862	-4.632862	-4.632862	-4.632862	
-4.694510	-4.633015	-4.685965	-4.632862	-4.632862	-4.632862	-4.632862	-4.633015	
-4.693747	-4.633015	-4.689779	-4.632862	-4.632862	-4.632862	-4.632710	-4.632862	
-4.688101	-4.633015	-4.685812	-4.632862	-4.632862	-4.632862	-4.632710	-4.632862	
-4.687948	-4.633015	-4.687643	-4.632862	-4.632862	-4.632862	-4.632710	-4.632862	
-4.687643	-4.633015	-4.687796	-4.632862	-4.632862	-4.632862	-4.632710	-4.632862	
-4.687643	-4.633015	-4.688101	-4.632862	-4.632862	-4.632862	-4.632862	-4.633015	
-4.685507	-4.633015	-4.687033	-4.632862	-4.632862	-4.632862	-4.632862	-4.632862	
-4.683523	-4.633015	-4.690084	-4.632710	-4.632862	-4.632862	-4.632862	-4.632862	
-4.684744	-4.633015	-4.685202	-4.632862	-4.632862	-4.632862	-4.632862	-4.633015	
-4.685965	-4.633015	-4.686117	-4.632710	-4.632862	-4.632862	-4.632862	-4.632862	
-4.689322	-4.633015	-4.688101	-4.632862	-4.632862	-4.632862	-4.632710	-4.632862	
-4.684744	-4.633015	-4.686422	-4.632862	-4.632862	-4.632862	-4.632710	-4.632862	
-4.687033	-4.633015	-4.687033	-4.632862	-4.632862	-4.632862	-4.632862	-4.633015	
-4.686728	-4.633015	-4.690084	-4.632862	-4.633015	-4.632862	-4.632862	-4.632862	
-4.685354	-4.633015	-4.685812	-4.632862	-4.632862	-4.632862	-4.632862	-4.632862	
-4.693594	-4.633015	-4.687643	-4.632710	-4.632862	-4.632862	-4.632862	-4.633015	
-4.691000	-4.633015	-4.689016	-4.632862	-4.632862	-4.632862	-4.632862	-4.632862	
-4.694663	-4.633015	-4.686880	-4.632862	-4.632862	-4.632862	-4.632862	-4.632862	
-4.694357	-4.633015	-4.688864	-4.632862	-4.632862	-4.632862	-4.632862	-4.632862	
-4.687796	-4.633015	-4.687338	-4.632862	-4.632862	-4.632862	-4.632710	-4.632862	
-4.687185	-4.633015	-4.687185	-4.632862	-4.632862	-4.632862	-4.632862	-4.632862	
-4.683676	-4.633015	-4.688406	-4.632862	-4.632862	-4.632862	-4.632862	-4.632862	
-4.677114	-4.633015	-4.686422	-4.632710	-4.632862	-4.632862	-4.632862	-4.632862	
-4.684591	-4.633015	-4.688406	-4.632862	-4.632862	-4.632862	-4.632862	-4.632862	
-4.690084	-4.633015	-4.688253	-4.632710	-4.632862	-4.632862	-4.632710	-4.632862	
-4.691000	-4.633015	-4.684744	-4.632862	-4.632862	-4.632862	-4.632862	-4.632862	
-4.685965	-4.633015	-4.688559	-4.632862	-4.633015	-4.632862	-4.632710	-4.632862	
-4.688406	-4.633015	-4.686117	-4.632862	-4.632862	-4.632862	-4.632862	-4.633015	
-4.684744	-4.633015	-4.687033	-4.632862	-4.632862	-4.632862	-4.632710	-4.632862	
-4.684439	-4.633015	-4.687185	-4.632862	-4.632862	-4.632862	-4.632862	-4.632862	
-4.689474	-4.633015	-4.685965	-4.632862	-4.632862	-4.632862	-4.632862	-4.632862	
-4.690542	-4.633015	-4.685354	-4.632710	-4.633015	-4.632862	-4.632862	-4.632862	
-4.692068	-4.633015	-4.688101	-4.632862	-4.632862	-4.632862	-4.632710	-4.632862	
-4.691305	-4.633015	-4.687338	-4.632862	-4.632862	-4.632862	-4.632862	-4.632862	
-4.693900	-4.633015	-4.686270	-4.632862	-4.632862	-4.632862	-4.632710	-4.632862	
-4.688101	-4.633015	-4.685659	-4.632862	-4.632862	-4.632862	-4.632862	-4.632862	
-4.678640	-4.633015	-4.687338	-4.632862	-4.632862	-4.632862	-4.632862	-4.632862	
-4.680318	-4.633015	-4.686728	-4.632710	-4.632862	-4.632862	-4.632862	-4.632862	
-4.685507	-4.633015	-4.687948	-4.632862	-4.632862	-4.632862	-4.632862	-4.632862	
-4.689932	-4.633015	-4.686270	-4.632862	-4.633015	-4.632862	-4.632710	-4.632862	
-4.688559	-4.633015	-4.685659	-4.632862	-4.632862	-4.632862	-4.632862	-4.632862	
-4.689779	-4.633015	-4.687338	-4.632862	-4.632862	-4.632862	-4.632710	-4.632862	
-4.690695	-4.633015	-4.685659	-4.632862	-4.632862	-4.632862	-4.632862	-4.632862	
-4.691153	-4.633015	-4.687490	-4.632710	-4.632862	-4.632862	-4.632862	-4.632862	
-4.689016	-4.633015	-4.685507	-4.632862	-4.632862	-4.632862	-4.632862	-4.632862	
-4.689474	-4.633015	-4.686728	-4.632862	-4.632862	-4.632862	-4.632710	-4.632862	
-4.690390	-4.633015	-4.688101	-4.632862	-4.632862	-4.632862	-4.632862	-4.633015	
-4.690084	-4.633015	-4.685507	-4.632862	-4.632862	-4.632862	-4.632862	-4.632862	
-4.690390	-4.633015	-4.687185	-4.632710	-4.632862	-4.632862	-4.632862	-4.633015	
-4.691916	-4.633015	-4.689627	-4.632862	-4.632862	-4.632862	-4.632862	-4.632862	
-4.692679	-4.633015	-4.685049	-4.632862	-4.632862	-4.632862	-4.632862	-4.632862	
-4.693137	-4.633015	-4.687490	-4.632862	-4.632862	-4.632862	-4.632862	-4.632862	
-4.689322	-4.633015	-4.688864	-4.632862	-4.632862	-4.632862	-4.632862	-4.632862	
-4.684896	-4.633015	-4.683981	-4.632862	-4.632862	-4.632862	-4.632862	-4.633015	
-4.683676	-4.633015	-4.687033	-4.632862	-4.632862	-4.632862	-4.632862	-4.632862	
-4.683065	-4.633015	-4.687490	-4.632862	-4.632862	-4.632862	-4.632710	-4.632862	
-4.682760	-4.633015	-4.685965	-4.632710	-4.632862	-4.632862	-4.632710	-4.632862	
-4.682913	-4.633015	-4.688559	-4.632862	-4.632862	-4.632862	-4.632710	-4.632862	
-4.684896	-4.633015	-4.687490	-4.632862	-4.632862	-4.632862	-4.632710	-4.632862	
-4.686880	-4.633015	-4.687185	-4.632862	-4.632862	-4.632862	-4.632862	-4.633015	
-4.687796	-4.633015	-4.687490	-4.632862	-4.632862	-4.632862	-4.632862	-4.632862	
-4.689779	-4.633015	-4.686270	-4.632862	-4.633015	-4.632862	-4.632862	-4.633015	
-4.690084	-4.633015	-4.689779	-4.632862	-4.632862	-4.632862	-4.632710	-4.632862	
-4.691916	-4.633015	-4.687033	-4.632710	-4.633015	-4.632862	-4.632862	-4.632862	
-4.690084	-4.633015	-4.691458	-4.632862	-4.632862	-4.632862	-4.632862	-4.632862	
-4.685965	-4.633015	-4.686270	-4.632862	-4.632862	-4.632862	-4.632862	-4.632862	
-4.683065	-4.633015	-4.689474	-4.632862	-4.632862	-4.632862	-4.632862	-4.632862	
-4.681997	-4.633015	-4.688711	-4.632862	-4.632862	-4.632862	-4.632710	-4.632862	
-4.680929	-4.633015	-4.689016	-4.632862	-4.633015	-4.632862	-4.632710	-4.632862	
-4.684439	-4.633015	-4.691305	-4.632862	-4.632862	-4.632862	-4.632862	-4.632862	
-4.687033	-4.633015	-4.689627	-4.632862	-4.632862	-4.632862	-4.632710	-4.632862	
-4.685812	-4.633015	-4.689322	-4.632862	-4.632862	-4.632862	-4.632862	-4.633015	
-4.684286	-4.633015	-4.690542	-4.632862	-4.632862	-4.632862	-4.632710	-4.632862	
-4.682149	-4.633015	-4.690390	-4.632710	-4.633015	-4.632862	-4.632862	-4.632862	
-4.682760	-4.633015	-4.689322	-4.632862	-4.632862	-4.632862	-4.632862	-4.632862	
-4.681997	-4.633015	-4.692068	-4.632862	-4.632862	-4.632862	-4.632710	-4.633015	
-4.684896	-4.633015	-4.689627	-4.632862	-4.632862	-4.632862	-4.632710	-4.632862	
-4.685812	-4.633015	-4.689322	-4.632862	-4.632862	-4.632862	-4.632862	-4.632862	
-4.689016	-4.633015	-4.690847	-4.632862	-4.632862	-4.632862	-4.632862	-4.633015	
-4.690084	-4.633015	-4.688406	-4.632862	-4.632862	-4.632862	-4.632862	-4.633015	
-4.689627	-4.633015	-4.689627	-4.632862	-4.632862	-4.632862	-4.632862	-4.632862	
-4.687796	-4.633015	-4.688253	-4.632862	-4.632862	-4.632862	-4.632862	-4.632862	
-4.686422	-4.633015	-4.688101	-4.632862	-4.632862	-4.632862	-4.632710	-4.632862	
-4.690390	-4.633015	-4.688406	-4.632862	-4.632862	-4.632862	-4.632862	-4.632862	
-4.689779	-4.633015	-4.688101	-4.632710	-4.633015	-4.632862	-4.632862	-4.632862	
-4.688864	-4.633015	-4.688711	-4.632862	-4.632862	-4.632862	-4.632710	-4.633015	
-4.689016	-4.633015	-4.684896	-4.632862	-4.632862	-4.632862	-4.632862	-4.632862	
-4.689322	-4.633015	-4.689627	-4.632862	-4.632862	-4.632862	-4.632862	-4.632862	
-4.686422	-4.633015	-4.687643	-4.632862	-4.632862	-4.632862	-4.632862	-4.632862	
-4.690084	-4.633015	-4.685202	-4.632862	-4.632862	-4.632862	-4.632862	-4.632862	
-4.688253	-4.633015	-4.689169	-4.632862	-4.632862	-4.632862	-4.632862	-4.633015	
-4.687185	-4.633015	-4.687643	-4.632862	-4.632862	-4.632862	-4.632862	-4.632862	
-4.687033	-4.633015	-4.687643	-4.632862	-4.632862	-4.632862	-4.632710	-4.632862	
-4.686880	-4.633015	-4.686728	-4.632710	-4.632862	-4.632862	-4.632862	-4.632862	
-4.683828	-4.633015	-4.687490	-4.632862	-4.633015	-4.632862	-4.632710	-4.632862	
-4.682302	-4.633015	-4.685659	-4.632862	-4.633015	-4.632862	-4.632862	-4.632862	
-4.683828	-4.633015	-4.687643	-4.632862	-4.632862	-4.632862	-4.632710	-4.632862	
-4.688406	-4.633015	-4.685812	-4.632862	-4.632862	-4.632862	-4.632710	-4.632862	
-4.684134	-4.633015	-4.686422	-4.632862	-4.632862	-4.632862	-4.632862	-4.632862	
-4.685507	-4.633015	-4.689169	-4.632862	-4.632862	-4.632862	-4.632862	-4.632862	
-4.688559	-4.633015	-4.686422	-4.632862	-4.632862	-4.632862	-4.632710	-4.632862	
-4.685812	-4.633015	-4.685202	-4.632862	-4.632862	-4.632862	-4.632862	-4.632862	
-4.687033	-4.633015	-4.691000	-4.632710	-4.632862	-4.632862	-4.632862	-4.632862	
-4.687033	-4.633015	-4.686728	-4.632862	-4.632862	-4.632862	-4.632710	-4.632862	
-4.689932	-4.633015	-4.684286	-4.632710	-4.632862	-4.632862	-4.632862	-4.632862	
-4.690542	-4.633015	-4.689779	-4.632862	-4.632862	-4.632862	-4.632710	-4.632862	
-4.691000	-4.633015	-4.687490	-4.632862	-4.632862	-4.632862	-4.632862	-4.632862	
-4.687796	-4.633015	-4.685659	-4.632862	-4.633015	-4.632862	-4.632862	-4.632862	
-4.686422	-4.633015	-4.687948	-4.632862	-4.632862	-4.632862	-4.632862	-4.632862	
-4.694968	-4.633015	-4.688101	-4.632710	-4.633015	-4.632862	-4.632710	-4.632862	
-4.689322	-4.633015	-4.686117	-4.632862	-4.632862	-4.632862	-4.632862	-4.632862	
-4.687338	-4.633015	-4.688864	-4.632862	-4.632862	-4.632862	-4.632710	-4.632862	
-4.683523	-4.633015	-4.687185	-4.632862	-4.632862	-4.632862	-4.632862	-4.632862	
-4.679708	-4.633015	-4.685812	-4.632862	-4.632862	-4.632862	-4.632862	-4.632862	
-4.692984	-4.633015	-4.688406	-4.632710	-4.632862	-4.632862	-4.632862	-4.632862	
-4.686422	-4.633015	-4.687033	-4.632862	-4.632862	-4.632862	-4.632862	-4.632862	
-4.691916	-4.633015	-4.687033	-4.632862	-4.632862	-4.632862	-4.632862	-4.633015	
-4.690542	-4.633015	-4.688406	-4.632862	-4.633015	-4.632862	-4.632710	-4.632862	
-4.680471	-4.633015	-4.685202	-4.632862	-4.632862	-4.632862	-4.632710	-4.632862	
-4.686880	-4.633015	-4.687643	-4.632862	-4.632862	-4.632862	-4.632862	-4.632862	
-4.689932	-4.633015	-4.687643	-4.632862	-4.633015	-4.632862	-4.632862	-4.632862	
-4.695273	-4.633015	-4.688253	-4.632710	-4.632862	-4.632862	-4.632862	-4.632862	
-4.687185	-4.633015	-4.687490	-4.632862	-4.632862	-4.632862	-4.632862	-4.633015	
-4.691458	-4.633015	-4.688253	-4.632862	-4.632862	-4.632862	-4.632710	-4.632862	
-4.690847	-4.633015	-4.686880	-4.632710	-4.632862	-4.632862	-4.632862	-4.632862	
-4.691305	-4.633015	-4.688101	-4.632862	-4.632862	-4.632862	-4.632862	-4.632862	
-4.693594	-4.633015	-4.688559	-4.632862	-4.632862	-4.632862	-4.632862	-4.632862	
-4.690847	-4.633015	-4.686270	-4.632862	-4.632862	-4.632862	-4.632710	-4.632862	
-4.692832	-4.633015	-4.686117	-4.632862	-4.632862	-4.632862	-4.632862	-4.632862	
-4.689474	-4.633015	-4.689474	-4.632862	-4.632862	-4.632862	-4.632862	-4.632862	
-4.694205	-4.633015	-4.687948	-4.632862	-4.632862	-4.632862	-4.632862	-4.632862	
-4.694205	-4.633015	-4.687338	-4.632862	-4.632862	-4.632862	-4.632862	-4.632862	
-4.687033	-4.633015	-4.687185	-4.632862	-4.632862	-4.632862	-4.632710	-4.632862	
-4.681692	-4.633015	-4.687033	-4.632862	-4.632862	-4.632862	-4.632862	-4.633015	
-4.672689	-4.633015	-4.685507	-4.632862	-4.633015	-4.632862	-4.632710	-4.632862	
-4.687490	-4.633015	-4.686880	-4.632862	-4.632862	-4.632862	-4.632710	-4.632862	
-4.688253	-4.633015	-4.689016	-4.632862	-4.632862	-4.632862	-4.632862	-4.633015	
-4.692679	-4.633015	-4.685507	-4.632862	-4.632862	-4.632862	-4.632862	-4.632862	
-4.690084	-4.633015	-4.687338	-4.632862	-4.632862	-4.632862	-4.632862	-4.633015	
-4.684286	-4.633015	-4.687948	-4.632862	-4.632862	-4.632862	-4.632710	-4.632862	
-4.687643	-4.633015	-4.685354	-4.632862	-4.633015	-4.632862	-4.632862	-4.632862	
-4.686422	-4.633015	-4.689169	-4.632710	-4.632862	-4.632862	-4.632862	-4.632862	
-4.679250	-4.633015	-4.688711	-4.632862	-4.632862	-4.632862	-4.632862	-4.632862	
-4.694968	-4.633015	-4.685965	-4.632862	-4.632862	-4.632862	-4.632710	-4.632862	
-4.695578	-4.633015	-4.686117	-4.632862	-4.633015	-4.632862	-4.632862	-4.632862	
-4.687490	-4.633015	-4.687033	-4.632862	-4.633015	-4.632862	-4.632710	-4.632862	
-4.692373	-4.633015	-4.687796	-4.632710	-4.632862	-4.632862	-4.632862	-4.633015	
-4.684439	-4.633015	-4.687185	-4.632862	-4.633015	-4.632862	-4.632710	-4.632862	
-4.694663	-4.633015	-4.687490	-4.632862	-4.632862	-4.632862	-4.632710	-4.632862	
-4.688101	-4.633015	-4.688253	-4.632862	-4.632862	-4.632862	-4.632862	-4.632862	
-4.683828	-4.633015	-4.686270	-4.632862	-4.632862	-4.632862	-4.632710	-4.632862	
-4.687033	-4.633015	-4.689169	-4.632862	-4.632862	-4.632862	-4.632862	-4.633015	
-4.683065	-4.633015	-4.686422	-4.632862	-4.632862	-4.632862	-4.632710	-4.632862	
-4.690847	-4.633015	-4.687338	-4.632710	-4.633015	-4.632862	-4.632710	-4.633015	
-4.688864	-4.633015	-4.688559	-4.632862	-4.632862	-4.632862	-4.632862	-4.632862	
-4.675436	-4.633015	-4.686728	-4.632710	-4.632862	-4.632862	-4.632710	-4.632862	
-4.689474	-4.633015	-4.687490	-4.632862	-4.632862	-4.632862	-4.632862	-4.632862	
-4.681539	-4.633015	-4.689627	-4.632862	-4.632862	-4.632862	-4.632862	-4.632862	
-4.696036	-4.633015	-4.687185	-4.632862	-4.632862	-4.632862	-4.632710	-4.632862	
-4.686270	-4.633015	-4.687490	-4.632862	-4.632862	-4.632862	-4.632862	-4.632862	
-4.690542	-4.633015	-4.686422	-4.632710	-4.632862	-4.632862	-4.632710	-4.633015	
-4.693594	-4.633015	-4.689016	-4.632862	-4.632862	-4.632862	-4.632862	-4.632862	
-4.688406	-4.633015	-4.688406	-4.632862	-4.632862	-4.632862	-4.632710	-4.632862	
-4.683523	-4.633015	-4.687185	-4.632862	-4.633015	-4.632862	-4.632710	-4.632862	
-4.695120	-4.633015	-4.691763	-4.632862	-4.632862	-4.632862	-4.632862	-4.633015	
-4.673299	-4.633015	-4.687948	-4.632862	-4.632862	-4.632862	-4.632710	-4.632862	
-4.660787	-4.633015	-4.687033	-4.632862	-4.632862	-4.632862	-4.632862	-4.632862	
-4.667501	-4.633015	-4.691916	-4.632862	-4.632862	-4.632862	-4.632710	-4.632862	
-4.678335	-4.633015	-4.685812	-4.632862	-4.633015	-4.632862	-4.632710	-4.632862	
-4.696646	-4.633015	-4.690390	-4.632862	-4.632862	-4.632862	-4.632862	-4.632862	
-4.687948	-4.633015	-4.688864	-4.632710	-4.632862	-4.632862	-4.632862	-4.632862	
-4.676046	-4.633015	-4.685965	-4.632862	-4.633015	-4.632862	-4.632862	-4.632862	
-4.693137	-4.633015	-4.688406	-4.632862	-4.632862	-4.632862	-4.632710	-4.632862	
-4.690084	-4.633015	-4.688101	-4.632710	-4.632862	-4.632862	-4.632862	-4.632862	
-4.700919	-4.633015	-4.686117	-4.632862	-4.632862	-4.632862	-4.632862	-4.632862	
-4.689474	-4.633015	-4.688253	-4.632862	-4.633015	-4.632862	-4.632710	-4.633015	
-4.675741	-4.633015	-4.688101	-4.632862	-4.632862	-4.632862	-4.632862	-4.632862	
-4.682149	-4.633015	-4.686880	-4.632710	-4.633015	-4.632862	-4.632862	-4.632862	
-4.693442	-4.633015	-4.687338	-4.632862	-4.633015	-4.632862	-4.632862	-4.633015	
-4.696188	-4.633015	-4.685202	-4.632862	-4.632862	-4.632862	-4.632710	-4.632862	
-4.691305	-4.633015	-4.687490	-4.632862	-4.632862	-4.632862	-4.632862	-4.633015	
-4.688559	-4.633015	-4.687796	-4.632862	-4.632862	-4.632862	-4.632862	-4.632862	
-4.683828	-4.633015	-4.686728	-4.632710	-4.632862	-4.632862	-4.632862	-4.632862	
-4.678335	-4.633015	-4.683676	-4.632862	-4.632862	-4.632862	-4.632710	-4.632862	
-4.696036	-4.633015	-4.685812	-4.632862	-4.633015	-4.632862	-4.632862	-4.632862	
-4.692984	-4.633015	-4.687948	-4.632862	-4.632862	-4.632862	-4.632862	-4.633015	
-4.687185	-4.633015	-4.687185	-4.632710	-4.632862	-4.632862	-4.632862	-4.632862	
-4.692832	-4.633015	-4.688559	-4.632862	-4.632862	-4.632862	-4.632862	-4.632862	
-4.696951	-4.633015	-4.687185	-4.632862	-4.632862	-4.632862	-4.632862	-4.632862	
-4.689016	-4.633015	-4.685659	-4.632862	-4.632862	-4.632862	-4.632710	-4.632862	
-4.684744	-4.633015	-4.688101	-4.632862	-4.632862	-4.632862	-4.632862	-4.632862	
-4.692526	-4.633015	-4.688101	-4.632862	-4.633015	-4.632862	-4.632862	-4.632862	
-4.680166	-4.633015	-4.684896	-4.632862	-4.632862	-4.632862	-4.632862	-4.632862	
-4.676961	-4.633015	-4.689627	-4.632862	-4.632862	-4.632862	-4.632862	-4.633015	
-4.687490	-4.633015	-4.685659	-4.632710	-4.632862	-4.632862	-4.632862	-4.632862	
-4.694815	-4.633015	-4.686117	-4.632862	-4.632862	-4.632862	-4.632710	-4.632862	
-4.682607	-4.633015	-4.687338	-4.632862	-4.632862	-4.632862	-4.632862	-4.633015	
-4.695120	-4.633015	-4.688559	-4.632862	-4.633015	-4.632862	-4.632710	-4.632862	
-4.681234	-4.633015	-4.687338	-4.632862	-4.632862	-4.632862	-4.632862	-4.632862	
-4.670858	-4.633015	-4.687643	-4.632862	-4.633015	-4.632862	-4.632862	-4.633015	
-4.695731	-4.633015	-4.687643	-4.632862	-4.632862	-4.632862	-4.632862	-4.632862	
-4.680929	-4.633015	-4.685812	-4.632862	-4.632862	-4.632862	-4.632862	-4.632862	
-4.692984	-4.633015	-4.687490	-4.632862	-4.632862	-4.632862	-4.632862	-4.633015	
-4.693594	-4.633015	-4.687033	-4.632710	-4.632862	-4.632862	-4.632710	-4.633015	
-4.695578	-4.633015	-4.684286	-4.632862	-4.632862	-4.632862	-4.632862	-4.632862	
-4.683828	-4.633015	-4.688559	-4.632862	-4.632862	-4.632862	-4.632862	-4.632862	
-4.695426	-4.633015	-4.686728	-4.632862	-4.632862	-4.632862	-4.632862	-4.633015	
-4.687490	-4.633015	-4.687948	-4.632862	-4.632862	-4.632862	-4.632862	-4.633015	
-4.690847	-4.633015	-4.687185	-4.632862	-4.632862	-4.632862	-4.632862	-4.632862	
-4.692679	-4.633015	-4.687185	-4.632862	-4.632862	-4.632862	-4.632862	-4.632862	
-4.693900	-4.633015	-4.687796	-4.632862	-4.632862	-4.632862	-4.632710	-4.632862	
-4.692832	-4.633015	-4.688101	-4.632862	-4.632862	-4.632862	-4.632710	-4.632862	
-4.696646	-4.633015	-4.685965	-4.632862	-4.632862	-4.632862	-4.632862	-4.632862	
-4.695426	-4.633015	-4.688711	-4.632862	-4.633015	-4.632862	-4.632862	-4.632862	
-4.693442	-4.633015	-4.688864	-4.632862	-4.633015	-4.632862	-4.632710	-4.633015	
-4.692832	-4.633015	-4.687033	-4.632862	-4.632862	-4.632862	-4.632862	-4.632862	
-4.690390	-4.633015	-4.688864	-4.632862	-4.632862	-4.632862	-4.632862	-4.633015	
-4.683065	-4.633015	-4.687643	-4.632862	-4.632862	-4.632862	-4.632862	-4.632862	
-4.685812	-4.633015	-4.687185	-4.632862	-4.632862	-4.632862	-4.632862	-4.633015	
-4.694052	-4.633015	-4.687033	-4.632710	-4.632862	-4.632862	-4.632862	-4.633015	
-4.683676	-4.633015	-4.689169	-4.632862	-4.632862	-4.632862	-4.632862	-4.632862	
-4.675893	-4.633015	-4.684591	-4.632862	-4.632862	-4.632862	-4.632710	-4.632862	
-4.686422	-4.633015	-4.686117	-4.632862	-4.632862	-4.632862	-4.632862	-4.632862	
-4.686575	-4.633015	-4.687338	-4.632862	-4.632862	-4.632862	-4.632862	-4.632862	
-4.682302	-4.633015	-4.686117	-4.632862	-4.632862	-4.632862	-4.632862	-4.632862	
-4.688864	-4.633015	-4.686270	-4.632862	-4.632862	-4.632862	-4.632862	-4.632862	
-4.691305	-4.633015	-4.688406	-4.632862	-4.632862	-4.632862	-4.632710	-4.632862	
-4.683676	-4.633015	-4.685507	-4.632862	-4.632862	-4.632862	-4.632710	-4.632862	
-4.683676	-4.633015	-4.687948	-4.632862	-4.632862	-4.632862	-4.632862	-4.632862	
-4.687033	-4.633015	-4.687033	-4.632862	-4.632862	-4.632862	-4.632862	-4.632862	
-4.688406	-4.633015	-4.686880	-4.632710	-4.632862	-4.632862	-4.632862	-4.632862	
-4.695273	-4.633015	-4.686728	-4.632862	-4.632862	-4.632862	-4.632862	-4.632862	
-4.698172	-4.633015	-4.689016	-4.632862	-4.633015	-4.632862	-4.632862	-4.632862	
-4.690237	-4.633015	-4.686422	-4.632862	-4.632862	-4.632862	-4.632862	-4.633015	
-4.689322	-4.633015	-4.687948	-4.632862	-4.632862	-4.632862	-4.632862	-4.632862	
-4.686117	-4.633015	-4.690542	-4.632862	-4.632862	-4.632862	-4.632862	-4.632862	
-4.681539	-4.633015	-4.686728	-4.632862	-4.632862	-4.632862	-4.632862	-4.632862	
-4.687033	-4.633015	-4.687338	-4.632710	-4.632862	-4.632862	-4.632862	-4.632862	
-4.690390	-4.633015	-4.690390	-4.632862	-4.632862	-4.632862	-4.632862	-4.632862	
-4.693137	-4.633015	-4.687490	-4.632862	-4.632862	-4.632862	-4.632862	-4.632862	
-4.686270	-4.633015	-4.687643	-4.632862	-4.632862	-4.632862	-4.632710	-4.632862	
-4.685659	-4.633015	-4.688711	-4.632862	-4.632862	-4.632862	-4.632862	-4.632862	
-4.689169	-4.633015	-4.688559	-4.632710	-4.632862	-4.632862	-4.632862	-4.632862	
-4.680776	-4.633015	-4.685354	-4.632862	-4.632862	-4.632862	-4.632710	-4.632862	
-4.686728	-4.633015	-4.689016	-4.632862	-4.632862	-4.632862	-4.632862	-4.633015	
-4.691916	-4.633015	-4.687185	-4.632862	-4.632862	-4.632862	-4.632710	-4.632862	
-4.696036	-4.633015	-4.686880	-4.632862	-4.632862	-4.632862	-4.632862	-4.632862	
-4.699545	-4.633015	-4.688711	-4.632862	-4.632862	-4.632862	-4.632710	-4.632862	
-4.680929	-4.633015	-4.685812	-4.632862	-4.632862	-4.632862	-4.632710	-4.633015	
-4.661244	-4.633015	-4.687948	-4.632862	-4.632862	-4.632862	-4.632862	-4.632862	
-4.672231	-4.633015	-4.690390	-4.632862	-4.633015	-4.632862	-4.632862	-4.633015	
-4.682607	-4.633015	-4.685202	-4.632862	-4.632862	-4.632862	-4.632710	-4.632862	
-4.687185	-4.633015	-4.689016	-4.632862	-4.632862	-4.632862	-4.632862	-4.632862	
-4.689627	-4.633015	-4.686728	-4.632862	-4.632862	-4.632862	-4.632862	-4.633015	
-4.693900	-4.633015	-4.685507	-4.632710	-4.632862	-4.632862	-4.632862	-4.632862	
-4.691916	-4.633015	-4.688711	-4.632862	-4.632862	-4.632862	-4.632710	-4.632862	
-4.699088	-4.633015	-4.690084	-4.632862	-4.632862	-4.632862	-4.632862	-4.632862	
-4.678487	-4.633015	-4.685354	-4.632862	-4.632862	-4.632862	-4.632862	-4.633015	
-4.667348	-4.633015	-4.687948	-4.632862	-4.632862	-4.632862	-4.632862	-4.632862	
-4.681234	-4.633015	-4.688864	-4.632710	-4.632862	-4.632862	-4.632862	-4.633015	
-4.676198	-4.633015	-4.684896	-4.632862	-4.633015	-4.632862	-4.632710	-4.632862	
-4.687033	-4.633015	-4.691916	-4.632710	-4.632862	-4.632862	-4.632862	-4.632862	
-4.679708	-4.633015	-4.687490	-4.632862	-4.632862	-4.632862	-4.632862	-4.632862	
-4.685812	-4.633015	-4.686880	-4.632862	-4.633015	-4.632862	-4.632862	-4.632862	
-4.681692	-4.633015	-4.687338	-4.632710	-4.632862	-4.632862	-4.632862	-4.633015	
-4.695120	-4.633015	-4.687033	-4.632862	-4.633015	-4.632862	-4.632862	-4.632862	
-4.696036	-4.633015	-4.687948	-4.632862	-4.632862	-4.632862	-4.632862	-4.632862	
-4.686117	-4.633015	-4.689474	-4.632862	-4.632862	-4.632862	-4.632862	-4.632862	
-4.691916	-4.633015	-4.684896	-4.632862	-4.632862	-4.632862	-4.632862	-4.632862	
-4.696646	-4.633015	-4.688253	-4.632862	-4.632862	-4.632862	-4.632862	-4.632862	
-4.684439	-4.633015	-4.688711	-4.632862	-4.632862	-4.632862	-4.632710	-4.632862	
-4.672231	-4.633015	-4.687033	-4.632862	-4.632862	-4.632862	-4.632710	-4.632862	
-4.673910	-4.633015	-4.688253	-4.632710	-4.632862	-4.632862	-4.632862	-4.633015	
-4.675893	-4.633015	-4.687490	-4.632862	-4.632862	-4.632862	-4.632862	-4.633015	
-4.687490	-4.633015	-4.686270	-4.632862	-4.632862	-4.632862	-4.632862	-4.632862	
-4.694815	-4.633015	-4.688406	-4.632862	-4.632862	-4.632862	-4.632862	-4.632862	
-4.696646	-4.633015	-4.687185	-4.632862	-4.632862	-4.632862	-4.632862	-4.632862	
-4.693900	-4.633015	-4.687796	-4.632862	-4.633015	-4.632862	-4.632710	-4.633015	
-4.689932	-4.633015	-4.686728	-4.632862	-4.632862	-4.632862	-4.632862	-4.632862	
-4.681997	-4.633015	-4.688253	-4.632862	-4.632862	-4.632862	-4.632862	-4.632862	
-4.681081	-4.633015	-4.688559	-4.632862	-4.632862	-4.632862	-4.632710	-4.632862	
-4.682149	-4.633015	-4.690237	-4.632862	-4.632862	-4.632862	-4.632862	-4.632862	
-4.677419	-4.633015	-4.689322	-4.632862	-4.632862	-4.632862	-4.632862	-4.632862	
-4.691763	-4.633015	-4.690237	-4.632862	-4.632862	-4.632862	-4.632862	-4.632862	
-4.689474	-4.633015	-4.688253	-4.632862	-4.632862	-4.632862	-4.632862	-4.633015	
-4.686880	-4.633015	-4.688253	-4.632862	-4.632862	-4.632862	-4.632710	-4.632862	
-4.693747	-4.633015	-4.691153	-4.632862	-4.632862	-4.632862	-4.632862	-4.633015	
-4.695273	-4.633015	-4.686422	-4.632862	-4.632862	-4.632862	-4.632862	-4.632862	
-4.692068	-4.633015	-4.687643	-4.632862	-4.632862	-4.632862	-4.632862	-4.632862	
-4.693442	-4.633015	-4.690237	-4.632862	-4.632862	-4.632862	-4.632862	-4.632862	
-4.690695	-4.633015	-4.683981	-4.632862	-4.632862	-4.632862	-4.632862	-4.632862	
-4.688253	-4.633015	-4.687185	-4.632862	-4.633015	-4.632862	-4.632862	-4.632862	
-4.694357	-4.633015	-4.689627	-4.632862	-4.632862	-4.632862	-4.632862	-4.632862	
-4.694968	-4.633015	-4.682913	-4.632862	-4.632862	-4.632862	-4.632862	-4.632862	
-4.685354	-4.633015	-4.689016	-4.632710	-4.632862	-4.632862	-4.632862	-4.632862	
-4.693289	-4.633015	-4.686880	-4.632862	-4.632862	-4.632862	-4.632862	-4.632862	
-4.689016	-4.633015	-4.683828	-4.632862	-4.633015	-4.632862	-4.632862	-4.632862	
-4.682913	-4.633015	-4.688711	-4.632710	-4.632862	-4.632862	-4.632862	-4.632862	
-4.687185	-4.633015	-4.688406	-4.632862	-4.633015	-4.632862	-4.632862	-4.632862	
-4.685354	-4.633015	-4.685049	-4.632862	-4.633015	-4.632862	-4.632862	-4.633015	
-4.679555	-4.633015	-4.690695	-4.632862	-4.632862	-4.632862	-4.632862	-4.632862	
-4.686422	-4.633015	-4.687643	-4.632862	-4.632862	-4.632862	-4.632862	-4.632862	
-4.693747	-4.633015	-4.686422	-4.632862	-4.632862	-4.632862	-4.632862	-4.632862	
-4.689627	-4.633015	-4.689169	-4.632862	-4.632862	-4.632862	-4.632710	-4.632862	
-4.687033	-4.633015	-4.688253	-4.632862	-4.632862	-4.632862	-4.632862	-4.632862	
-4.691763	-4.633015	-4.685049	-4.632710	-4.632862	-4.632862	-4.632862	-4.633015	
-4.684896	-4.633015	-4.688864	-4.632862	-4.632862	-4.632862	-4.632862	-4.632862	
-4.688101	-4.633015	-4.685659	-4.632862	-4.632862	-4.632862	-4.632862	-4.632862	
-4.691763	-4.633015	-4.686422	-4.632710	-4.632862	-4.632862	-4.632710	-4.632862	
-4.690695	-4.633015	-4.686728	-4.632862	-4.632862	-4.632862	-4.632710	-4.632862	
-4.692679	-4.633015	-4.687338	-4.632862	-4.632862	-4.632862	-4.632862	-4.632862	
-4.694815	-4.633015	-4.686880	-4.632710	-4.633015	-4.632862	-4.632862	-4.632862	
-4.689322	-4.633015	-4.686880	-4.632862	-4.632862	-4.632862	-4.632862	-4.632862	
-4.679861	-4.633015	-4.688253	-4.632862	-4.632862	-4.632862	-4.632710	-4.632862	
-4.678030	-4.633015	-4.684134	-4.632862	-4.632862	-4.632862	-4.632862	-4.632862	
-4.683676	-4.633015	-4.689627	-4.632862	-4.633015	-4.632862	-4.632710	-4.632862	
-4.693442	-4.633015	-4.685965	-4.632862	-4.632862	-4.632862	-4.632862	-4.632862	
-4.698782	-4.633015	-4.685354	-4.632862	-4.632862	-4.632862	-4.632862	-4.632862	
-4.691916	-4.633015	-4.688101	-4.632862	-4.632862	-4.632862	-4.632862	-4.632862	
-4.685659	-4.633015	-4.687185	-4.632710	-4.632862	-4.632862	-4.632862	-4.632862	