-4.687338
-4.686880
-4.688253
-4.687033
-4.686575
-4.687185
-4.687185
-4.686270
-4.687338
-4.687033
-4.686575
-4.686575
-4.687338
-4.687033
-4.688406
-4.687185
-4.687796
-4.687643
-4.687338
-4.687796
-4.686575
-4.689016
-4.687490
-4.686270
-4.687490
-4.687796
-4.686880
-4.686575
-4.687490
-4.686880
-4.687338
-4.688406
-4.687948
-4.687338
-4.687948
-4.688253
-4.686880
-4.689474
-4.689474
-4.687338
-4.688559
-4.688101
-4.686575
-4.688253
-4.687796
-4.687643
-4.689016
-4.687948
-4.687643
-4.689779
-4.685965
-4.687185
-4.689779
-4.688406
-4.686728
-4.687948
-4.686422
-4.686575
-4.688559
-4.689322
-4.689169
-4.687185
-4.688101
-4.686422
-4.685812
-4.687948
-4.687033
-4.686575
-4.687490
-4.687796
-4.689627
-4.689474
-4.689779
-4.689016
-4.686575
-4.685354
-4.684286
-4.683371
-4.683523
-4.684134
-4.685507
-4.686728
-4.687490
-4.689322
-4.687948
-4.688253
-4.689322
-4.688559
-4.688406
-4.687796
-4.688864
-4.687948
-4.687643
-4.687185
-4.689016
-4.687796
-4.686422
-4.688101
-4.685354
-4.684439
-4.684744
-4.682607
-4.684896
-4.685354
-4.687948
-4.688559
-4.689169
-4.690390
-4.689779
-4.689322
-4.689932
-4.688253
-4.687185
-4.686422
-4.686117
-4.685659
-4.686117
-4.687796
-4.687185
-4.687796
-4.687643
-4.686575
-4.687643
-4.687033
-4.686728
-4.685354
-4.687490
-4.686880
-4.686880
-4.689322
-4.688559
-4.688406
-4.688559
-4.688864
-4.688101
-4.688559
-4.686880
-4.686422
-4.686117
-4.685507
-4.686270
-4.683828
-4.686117
-4.689016
-4.685965
-4.688101
-4.689932
-4.686880
-4.689322
-4.689474
-4.687796
-4.688406
-4.689322
-4.687490
-4.688559
-4.689322
-4.688253
-4.688406
-4.688253
-4.689322
-4.689016
-4.689627
-4.689169
-4.688864
-4.689169
-4.689016
-4.689627
-4.689016
-4.687643
-4.688864
-4.687948
-4.685965
-4.687643
-4.687948
-4.686575
-4.687033
-4.687185
-4.684744
-4.686728
-4.686728
-4.684286
-4.685965
-4.686728
-4.684744
-4.684896
-4.685659
-4.685507
-4.685659
-4.687643
-4.684896
-4.686880
-4.688253
-4.686880
-4.687490
-4.687796
-4.686728
-4.688101
-4.687643
-4.687490
-4.689322
-4.689474
-4.687338
-4.689169
-4.689779
-4.688101
-4.690084
-4.690390
-4.689627
-4.690542
-4.690695
-4.689932
-4.689322
-4.689627
-4.687643
-4.689779
-4.688559
-4.685812
-4.690237
-4.687338
-4.686270
-4.687338
-4.689169
-4.687338
-4.686880
-4.689322
-4.686422
-4.687185
-4.686270
-4.685812
-4.685659
-4.686117
-4.686728
-4.684896
-4.686270
-4.687185
-4.686270
-4.688253
-4.686728
-4.685965
-4.688101
-4.686880
-4.686422
-4.687948
-4.688559
-4.688559
-4.687948
-4.688253
-4.689322
-4.689169
-4.688101
-4.688253
-4.689016
-4.688406
-4.688101
-4.689169
-4.688559
-4.688864
-4.688559
-4.689169
-4.689016
-4.688253
-4.687796
-4.688253
-4.687948
-4.687338
-4.687796
-4.687185
-4.686575
-4.687033
-4.687948
-4.686728
-4.686270
-4.687643
-4.687033
-4.686575
-4.688253
-4.686880
-4.687033
-4.687338
-4.687643
-4.687338
-4.687490
-4.687033
-4.688101
-4.686575
-4.686422
-4.686575
-4.686117
-4.686422
-4.686728
-4.685354
-4.686728
-4.687033
-4.686270
-4.687033
-4.686575
-4.686880
-4.686728
-4.687490
-4.687338
-4.687948
-4.688101
-4.688101
-4.688864
-4.687796
-4.689169
-4.687033
-4.687796
-4.689016
-4.687948
-4.689932
-4.687948
-4.687490
-4.689322
-4.686728
-4.687948
-4.687338
-4.688101
-4.689169
-4.686422
-4.688101
-4.687796
-4.687948
-4.686575
-4.687033
-4.686880
-4.686117
-4.688559
-4.685507
-4.686117
-4.688559
-4.685354
-4.686270
-4.686117
-4.685507
-4.685507
-4.687338
-4.687033
-4.685202
-4.687948
-4.686880
-4.688406
-4.688253
-4.687338
-4.689016
-4.688253
-4.689016
-4.687796
-4.688406
-4.689322
-4.686728
-4.689474
-4.688864
-4.687185
-4.689627
-4.688253
-4.689779
-4.689932
-4.690237
-4.689016
-4.689322
-4.689322
-4.687643
-4.689932
-4.687643
-4.687948
-4.688101
-4.687643
-4.687796
-4.686422
-4.688406
-4.686728
-4.686575
-4.687948
-4.686270
-4.686728
-4.686880
-4.687185
-4.686117
-4.687643
-4.687490
-4.685202
-4.687643
-4.686422
-4.686422
-4.687185
-4.684896
-4.687185
-4.686728
-4.686117
-4.686728
-4.687643
-4.687643
-4.687490
-4.690084
-4.688406
-4.688406
-4.690084
-4.686728
-4.689474
-4.688101
-4.687185
-4.687185
-4.686880
-4.687948
-4.686880
-4.687948
-4.687338
-4.687796
-4.688864
-4.687796
-4.689169
-4.687490
-4.688406
-4.689169
-4.688101
-4.688406
-4.687796
-4.690390
-4.688101
-4.686728
-4.687643
-4.686575
-4.687796
-4.686270
-4.685965
-4.686422
-4.685965
-4.686575
-4.686270
-4.686422
-4.686422
-4.688559
-4.686270
-4.687185
-4.687643
-4.686117
-4.688406
-4.688253
-4.686728
-4.689474
-4.687490
-4.688864
-4.689169
-4.689169
-4.689169
-4.688559
-4.688559
-4.687948
-4.687796
-4.688101
-4.688253
-4.688253
-4.690237
-4.688406
-4.687185
-4.688864
-4.688559
-4.687948
-4.687643
-4.687643
-4.688406
-4.686728
-4.687338
-4.687185
-4.686728
-4.687338
-4.688406
-4.685965
-4.685812
-4.687338
-4.686422
-4.687490
-4.686270
-4.684134
-4.687796
-4.687796
-4.686117
-4.687490
-4.687948
-4.688101
-4.686728
-4.687338
-4.687338
-4.686575
-4.687490
-4.688253
-4.687490
-4.687185
-4.688253
-4.688253
-4.688253
-4.687490
-4.687643
-4.689322
-4.687948
-4.685965
-4.689474
-4.688406
-4.685354
-4.688864
-4.688253
-4.687033
-4.688864
-4.687948
-4.687643
-4.687948
-4.687948
-4.687796
-4.687338
-4.687643
-4.687490
-4.687338
-4.687338
-4.687338
-4.687338
-4.688406
-4.687033
-4.687185
-4.689474
-4.686575
-4.684896
-4.687948
-4.687033
-4.684134
-4.686422
-4.687185
-4.685354
-4.686575
-4.687033
-4.686575
-4.687490
-4.688406
-4.686575
-4.687338
-4.689016
-4.687033
-4.687338
-4.687948
-4.687643
-4.689322
-4.687796
-4.688559
-4.690390
-4.687948
-4.688864
-4.690237
-4.687796
-4.688253
-4.689474
-4.687643
-4.688864
-4.688253
-4.686880
-4.687948
-4.688101
-4.687796
-4.687490
-4.686880
-4.687490
-4.688406
-4.687338
-4.686117
-4.685659
-4.686575
-4.685965
-4.684744
-4.685659
-4.686575
-4.686117
-4.685354
-4.686728
-4.686880
-4.685965
-4.686728
-4.687948
-4.686575
-4.687185
-4.688864
-4.687185
-4.687796
-4.688559
-4.687643
-4.688406
-4.687948
-4.688559
-4.688559
-4.689627
-4.687948
-4.689474
-4.688864
-4.688406
-4.689474
-4.689016
-4.688559
-4.688406
-4.686422
-4.688101
-4.688253
-4.687643
-4.687796
-4.687338
-4.689016
-4.688559
-4.686575
-4.688101
-4.686422
-4.686422
-4.686575
-4.686575
-4.686270
-4.685507
-4.686422
-4.686880
-4.685965
-4.686270
-4.686270
-4.686728
-4.686575
-4.686728
-4.686117
-4.686270
-4.686880
-4.686880
-4.687185
-4.687490
-4.688406
-4.687948
-4.688406
-4.688253
-4.687490
-4.687796
-4.689474
-4.687338
-4.689016
-4.688253
-4.689016
-4.689779
-4.688101
-4.689169
-4.689322
-4.689627
-4.688406
-4.688559
-4.689169
-4.687185
-4.687033
-4.689779
-4.688253
-4.688559
-4.688559
-4.686422
-4.688864
-4.687948
-4.685659
-4.687033
-4.686728
-4.684896
-4.686728
-4.686728
-4.685354
-4.686880
-4.686422
-4.685659
-4.686728
-4.687948
-4.686880
-4.687033
-4.687185
-4.687796
-4.687185
-4.687490
-4.689016
-4.687643
-4.687948
-4.688559
-4.688864
-4.687643
-4.689016
-4.689322
-4.687338
-4.691305
-4.684439
-4.684896
-4.691458
-4.686728
-4.687643
-4.687338
-4.688559
-4.691763
-4.686270
-4.689474
-4.685965
-4.685659
-4.686880
-4.688101
-4.684439
-4.686270
-4.684896
-4.688101
-4.687796
-4.689016
-4.683065
-4.685507
-4.681234
-4.688253
-4.695578
-4.681539
-4.680166
-4.690695
-4.687033
-4.683371
-4.690390
-4.687948
-4.683676
-4.691153
-4.689169
-4.683371
-4.686575
-4.687490
-4.685202
-4.688864
-4.691153
-4.686880
-4.689322
-4.691000
-4.688101
-4.687033
-4.690084
-4.689932
-4.688406
-4.688406
-4.689627
-4.687643
-4.687643
-4.689779
-4.686880
-4.686270
-4.690542
-4.688559
-4.688559
-4.687796
-4.689016
-4.685812
-4.687338
-4.688101
-4.685354
-4.685202
-4.689474
-4.687490
-4.684134
-4.687033
-4.687643
-4.684286
-4.687796
-4.688253
-4.685507
-4.687948
-4.691305
-4.687033
-4.683218
-4.692679
-4.686728
-4.686270
-4.688101
-4.691153
-4.687033
-4.687338
-4.690695
-4.685507
-4.688406
-4.688101
-4.689627
-4.688864
-4.688559
-4.689169
-4.690084
-4.690084
-4.687490
-4.687490
-4.687185
-4.688406
-4.691763
-4.686728
-4.686422
-4.689779
-4.686728
-4.686575
-4.687185
-4.688253
-4.686728
-4.686270
-4.687490
-4.687185
-4.687185
-4.687033
-4.686575
-4.685507
-4.688559
-4.687796
-4.685965
-4.687490
-4.686422
-4.686422
-4.687490
-4.688406
-4.687185
-4.686270
-4.689169
-4.687185
-4.685659
-4.687948
-4.688559
-4.687643
-4.687643
-4.689932
-4.689779
-4.687643
-4.690084
-4.686880
-4.687490
-4.690237
-4.684744
-4.690695
-4.689627
-4.685965
-4.687033
-4.689779
-4.687185
-4.684744
-4.689779
-4.688253
-4.685659
-4.687796
-4.689474
-4.683981
-4.686422
-4.688864
-4.686422
-4.687643
-4.687948
-4.689016
-4.683828
-4.687185
-4.689779
-4.686575
-4.685202
-4.687796
-4.690390
-4.684591
-4.685812
-4.689932
-4.686117
-4.686880
-4.689779
-4.685965
-4.685507
-4.690847
-4.686575
-4.685965
-4.690390
-4.690237
-4.686880
-4.689322
-4.689474
-4.687338
-4.687490
-4.687490
-4.687033
-4.687948
-4.687185
-4.686575
-4.687948
-4.688406
-4.688406
-4.687338
-4.687948
-4.687338
-4.686422
-4.684591
-4.687796
-4.687338
-4.685354
-4.685965
-4.686880
-4.686422
-4.686575
-4.686880
-4.687185
-4.687338
-4.685354
-4.688559
-4.689169
-4.686880
-4.686575
-4.687796
-4.687185
-4.688101
-4.689169
-4.686728
-4.688253
-4.687490
-4.685354
-4.688559
-4.689016
-4.686728
-4.689779
-4.691763
-4.687643
-4.689474
-4.692373
-4.685812
-4.688253
-4.690847
-4.685202
-4.687490
-4.690542
-4.686728
-4.687338
-4.689322
-4.686575
-4.685507
-4.687185
-4.687796
-4.685659
-4.688101
-4.689169
-4.683676
-4.686575
-4.688253
-4.686728
-4.686422
-4.687185
-4.686575
-4.688559
-4.687796
-4.686575
-4.688864
-4.689322
-4.684134
-4.687643
-4.689322
-4.685202
-4.688101
-4.687490
-4.687185
-4.688559
-4.687643
-4.687338
-4.688253
-4.688101
-4.687796
-4.688253
-4.688864
-4.688559
-4.689474
-4.687643
-4.688101
-4.687033
-4.689016
-4.688406
-4.686422
-4.687643
-4.687796
-4.687338
-4.685659
-4.687948
-4.687948
-4.686270
-4.687033
-4.686880
-4.687033
-4.687796
-4.687033
-4.687033
-4.688253
-4.687796
-4.688101
-4.687185
-4.687948
-4.687796
-4.686880
-4.687948
-4.689627
-4.687185
-4.687643
-4.689169
-4.689474
-4.686117
-4.688406
-4.689169
-4.687796
-4.689169
-4.688864
-4.689627
-4.689627
-4.688101
-4.688101
-4.688406
-4.686728