110.329
110.309
110.306
110.305
110.305
110.305
110.305
110.305
110.305
110.304
110.305
110.305
110.305
110.305
110.304
110.304
110.304
110.305
110.305
110.304
110.305
110.304
110.305
110.304
110.305
110.305
110.305
110.305
110.305
110.304
110.304
110.304
110.305
110.304
110.305
110.305
110.305
110.305
110.304
110.303
110.305
110.306
110.305
110.305
110.304
110.304
110.304
110.304
110.304
110.305
110.305
110.305
110.305
110.306
110.305
110.304
110.304
110.304
110.305
110.305
110.305
110.305
110.305
