-4.685812	-4.633015	-4.699545	-4.632862	-4.632862	-4.632862	-4.632862	-4.632862	
-4.685659	-4.633015	-4.705649	-4.632862	-4.632862	-4.632862	-4.632862	-4.632862	
-4.686117	-4.633015	-4.684896	-4.632862	-4.633015	-4.632862	-4.632862	-4.632862	
-4.686270	-4.633015	-4.681692	-4.632862	-4.632862	-4.632862	-4.632862	-4.632862	
-4.684591	-4.633015	-4.664144	-4.632862	-4.632862	-4.632862	-4.632862	-4.633015	
-4.686117	-4.633015	-4.693594	-4.632862	-4.632862	-4.632862	-4.632862	-4.632862	
-4.687033	-4.633015	-4.681081	-4.632862	-4.633015	-4.632862	-4.632862	-4.632862	
-4.686880	-4.633015	-4.670400	-4.632862	-4.632862	-4.632862	-4.632710	-4.632862	
-4.688101	-4.633015	-4.672231	-4.632862	-4.632862	-4.632862	-4.632862	-4.632862	
-4.688864	-4.633015	-4.674673	-4.632862	-4.632862	-4.632862	-4.632710	-4.633015	
-4.689932	-4.633015	-4.670248	-4.632862	-4.632862	-4.632862	-4.632862	-4.632862	
-4.688864	-4.633015	-4.674825	-4.632862	-4.632862	-4.632862	-4.632862	-4.632862	
-4.689322	-4.633015	-4.685354	-4.632862	-4.632862	-4.632862	-4.632710	-4.632862	
-4.689627	-4.633015	-4.693442	-4.632710	-4.632862	-4.632862	-4.632862	-4.633015	
-4.689322	-4.633015	-4.697867	-4.632862	-4.632862	-4.632862	-4.632862	-4.633015	
-4.690237	-4.633015	-4.698020	-4.632862	-4.633015	-4.632862	-4.632862	-4.632862	
-4.689932	-4.633015	-4.698325	-4.632862	-4.633015	-4.632862	-4.632862	-4.632862	
-4.689169	-4.633015	-4.687643	-4.632862	-4.632862	-4.632862	-4.632710	-4.632862	
-4.689322	-4.633015	-4.683828	-4.632862	-4.632862	-4.632862	-4.632710	-4.632862	
-4.687948	-4.633015	-4.685812	-4.632862	-4.632862	-4.632862	-4.632710	-4.632862	
-4.686728	-4.633015	-4.689016	-4.632862	-4.632862	-4.632862	-4.632862	-4.632862	
-4.687185	-4.633015	-4.686880	-4.632862	-4.633015	-4.632862	-4.632710	-4.632862	
-4.685965	-4.633015	-4.670553	-4.632862	-4.632862	-4.632862	-4.632862	-4.632862	
-4.687490	-4.633015	-4.690390	-4.632862	-4.632862	-4.632862	-4.632862	-4.632862	
-4.686880	-4.633015	-4.683981	-4.632862	-4.632862	-4.632862	-4.632862	-4.633015	
-4.686270	-4.633015	-4.676351	-4.632862	-4.632862	-4.632862	-4.632710	-4.632862	
-4.688559	-4.633015	-4.687338	-4.632862	-4.632862	-4.632862	-4.632862	-4.632862	
-4.687643	-4.633015	-4.680318	-4.632862	-4.632862	-4.632862	-4.632862	-4.632862	
-4.688101	-4.633015	-4.684591	-4.632862	-4.633015	-4.632862	-4.632862	-4.632862	
-4.690237	-4.633015	-4.669485	-4.632862	-4.632862	-4.632862	-4.632862	-4.633015	
-4.688101	-4.633015	-4.682302	-4.632862	-4.632862	-4.632862	-4.632862	-4.632862	
-4.689779	-4.633015	-4.682302	-4.632862	-4.632862	-4.632862	-4.632862	-4.632862	
-4.689779	-4.633015	-4.680166	-4.632710	-4.632862	-4.632862	-4.632862	-4.632862	
-4.688253	-4.633015	-4.677267	-4.632862	-4.633015	-4.632862	-4.632710	-4.632862	
-4.689169	-4.633015	-4.678640	-4.632710	-4.632862	-4.632862	-4.632862	-4.632862	
-4.688864	-4.633015	-4.681386	-4.632710	-4.632862	-4.632862	-4.632862	-4.633015	
-4.687643	-4.633015	-4.681539	-4.632862	-4.632862	-4.632862	-4.632710	-4.632862	
-4.687643	-4.633015	-4.680471	-4.632862	-4.632862	-4.632862	-4.632862	-4.632862	
-4.685965	-4.633015	-4.688559	-4.632862	-4.633015	-4.632862	-4.632710	-4.632862	
-4.686117	-4.633015	-4.686880	-4.632862	-4.632862	-4.632862	-4.632862	-4.632862	
-4.685812	-4.633015	-4.684439	-4.632862	-4.633015	-4.632862	-4.632862	-4.632862	
-4.686575	-4.633015	-4.686728	-4.632862	-4.632862	-4.632862	-4.632862	-4.632862	
-4.687948	-4.633015	-4.685659	-4.632862	-4.632862	-4.632862	-4.632710	-4.632862	
-4.685812	-4.633015	-4.686422	-4.632862	-4.632862	-4.632862	-4.632862	-4.633015	
-4.686422	-4.633015	-4.690084	-4.632862	-4.632862	-4.632862	-4.632710	-4.632862	
-4.686422	-4.633015	-4.688559	-4.632862	-4.632862	-4.632862	-4.632710	-4.632862	
-4.687490	-4.633015	-4.692679	-4.632862	-4.632862	-4.632862	-4.632710	-4.632862	
-4.687948	-4.633015	-4.692984	-4.632862	-4.632862	-4.632862	-4.632710	-4.632862	
-4.687338	-4.633015	-4.690542	-4.632862	-4.632862	-4.632862	-4.632710	-4.632862	
-4.689474	-4.633015	-4.692679	-4.632862	-4.632862	-4.632862	-4.632862	-4.633015	
-4.687948	-4.633015	-4.684134	-4.632862	-4.633015	-4.632862	-4.632862	-4.633015	
-4.688559	-4.633015	-4.690237	-4.632862	-4.632862	-4.632862	-4.632862	-4.632862	
-4.689322	-4.633015	-4.693442	-4.632862	-4.632862	-4.632862	-4.632710	-4.633015	
-4.688253	-4.633015	-4.694052	-4.632862	-4.632862	-4.632862	-4.632710	-4.633015	
-4.687948	-4.633015	-4.693747	-4.632862	-4.632862	-4.632862	-4.632862	-4.632862	
-4.688101	-4.633015	-4.689627	-4.632862	-4.633015	-4.632862	-4.632710	-4.632862	
-4.686728	-4.633015	-4.689322	-4.632862	-4.632862	-4.632862	-4.632862	-4.632862	
-4.686728	-4.633015	-4.689322	-4.632862	-4.632862	-4.632862	-4.632710	-4.633015	
-4.686880	-4.633015	-4.687948	-4.632862	-4.632862	-4.632862	-4.632862	-4.632862	
-4.686270	-4.633015	-4.691763	-4.632862	-4.632862	-4.632862	-4.632862	-4.632862	
-4.687185	-4.633015	-4.696799	-4.632862	-4.632862	-4.632862	-4.632862	-4.633015	
-4.687185	-4.633015	-4.695120	-4.632710	-4.632862	-4.632862	-4.632862	-4.632862	
-4.686270	-4.633015	-4.698020	-4.632862	-4.632862	-4.632862	-4.632710	-4.632862	
-4.687948	-4.633015	-4.699240	-4.632862	-4.632862	-4.632862	-4.632862	-4.632862	
-4.687185	-4.633015	-4.695578	-4.632862	-4.632862	-4.632862	-4.632710	-4.632862	
-4.685812	-4.633015	-4.696646	-4.632710	-4.632862	-4.632862	-4.632862	-4.633015	
-4.688101	-4.633015	-4.691000	-4.632862	-4.633015	-4.632862	-4.632862	-4.632862	
-4.687338	-4.633015	-4.686728	-4.632862	-4.633015	-4.632862	-4.632862	-4.632862	
-4.686880	-4.633015	-4.681234	-4.632862	-4.632862	-4.632862	-4.632862	-4.632862	
-4.689322	-4.633015	-4.675436	-4.632862	-4.633015	-4.632862	-4.632862	-4.632862	
-4.689016	-4.633015	-4.677114	-4.632862	-4.632862	-4.632862	-4.632862	-4.632862	
-4.686575	-4.633015	-4.685354	-4.632862	-4.632862	-4.632862	-4.632710	-4.633015	
-4.689322	-4.633015	-4.684134	-4.632862	-4.633015	-4.632862	-4.632862	-4.632862	
-4.688101	-4.633015	-4.686728	-4.632862	-4.632862	-4.632862	-4.632862	-4.632862	
-4.687338	-4.633015	-4.680318	-4.632710	-4.632862	-4.632862	-4.632710	-4.632862	
-4.689016	-4.633015	-4.682913	-4.632710	-4.632862	-4.632862	-4.632862	-4.633015	
-4.688559	-4.633015	-4.692068	-4.632862	-4.632862	-4.632862	-4.632710	-4.632862	
-4.687033	-4.633015	-4.693747	-4.632710	-4.633015	-4.632862	-4.632862	-4.632862	
-4.688253	-4.633015	-4.700766	-4.632862	-4.632862	-4.632862	-4.632710	-4.632862	
-4.687338	-4.633015	-4.693594	-4.632862	-4.632862	-4.632862	-4.632710	-4.632862	
-4.687643	-4.633015	-4.695426	-4.632862	-4.632862	-4.632862	-4.632710	-4.632862	
-4.686728	-4.633015	-4.686117	-4.632862	-4.632862	-4.632862	-4.632710	-4.632862	
-4.687948	-4.633015	-4.685812	-4.632862	-4.632862	-4.632862	-4.632862	-4.633015	
-4.688406	-4.633015	-4.686880	-4.632862	-4.632862	-4.632862	-4.632862	-4.632862	
-4.687185	-4.633015	-4.678640	-4.632710	-4.632862	-4.632862	-4.632862	-4.632862	
-4.687185	-4.633015	-4.678182	-4.632862	-4.633015	-4.632862	-4.632862	-4.632862	
-4.688253	-4.633015	-4.682913	-4.632710	-4.632862	-4.632862	-4.632710	-4.632862	
-4.686270	-4.633015	-4.679708	-4.632862	-4.632862	-4.632862	-4.632862	-4.633015	
-4.686422	-4.633015	-4.678182	-4.632710	-4.632862	-4.632862	-4.632862	-4.632862	
-4.687948	-4.633015	-4.682455	-4.632862	-4.633015	-4.632862	-4.632710	-4.632862	
-4.686728	-4.633015	-4.679708	-4.632862	-4.632862	-4.632862	-4.632862	-4.632862	
-4.687185	-4.633015	-4.681844	-4.632862	-4.632862	-4.632862	-4.632862	-4.632862	
-4.687185	-4.633015	-4.683981	-4.632862	-4.632862	-4.632862	-4.632862	-4.632862	
-4.688253	-4.633015	-4.684134	-4.632710	-4.632862	-4.632862	-4.632862	-4.632862	
-4.687338	-4.633015	-4.684744	-4.632862	-4.633015	-4.632862	-4.632710	-4.633015	
-4.687338	-4.633015	-4.685202	-4.632862	-4.632862	-4.632862	-4.632710	-4.632862	
-4.687948	-4.633015	-4.688101	-4.632862	-4.632862	-4.632862	-4.632862	-4.633015	
-4.687643	-4.633015	-4.686117	-4.632862	-4.632862	-4.632862	-4.632862	-4.632862	
-4.687185	-4.633015	-4.686422	-4.632862	-4.632862	-4.632862	-4.632710	-4.632862	
-4.688253	-4.633015	-4.686880	-4.632862	-4.632862	-4.632862	-4.632862	-4.633015	
-4.687643	-4.633015	-4.687338	-4.632710	-4.632862	-4.632862	-4.632862	-4.632862	
-4.687948	-4.633015	-4.686728	-4.632862	-4.632862	-4.632862	-4.632710	-4.632862	
-4.687948	-4.633015	-4.689322	-4.632862	-4.632862	-4.632862	-4.632862	-4.632862	
-4.686270	-4.633015	-4.693747	-4.632710	-4.632862	-4.632862	-4.632862	-4.632862	
-4.687643	-4.633015	-4.689322	-4.632710	-4.632862	-4.632862	-4.632862	-4.633015	
-4.686880	-4.633015	-4.690542	-4.632862	-4.632862	-4.632862	-4.632710	-4.632862	
-4.686117	-4.633015	-4.687490	-4.632710	-4.632862	-4.632862	-4.632862	-4.632862	
-4.687796	-4.633015	-4.685659	-4.632862	-4.632862	-4.632862	-4.632862	-4.633015	
-4.686880	-4.633015	-4.690237	-4.632862	-4.632862	-4.632862	-4.632862	-4.632862	
-4.687338	-4.633015	-4.694968	-4.632862	-4.632862	-4.632862	-4.632710	-4.632862	
-4.688406	-4.633015	-4.691000	-4.632862	-4.632862	-4.632862	-4.632862	-4.632862	
-4.687338	-4.633015	-4.690695	-4.632862	-4.632862	-4.632862	-4.632862	-4.632862	
-4.687033	-4.633015	-4.688406	-4.632862	-4.632862	-4.632862	-4.632862	-4.632862	
-4.687490	-4.633015	-4.687338	-4.632710	-4.632862	-4.632862	-4.632710	-4.632862	
-4.685965	-4.633015	-4.687948	-4.632862	-4.632862	-4.632862	-4.632710	-4.632862	
-4.687796	-4.633015	-4.684134	-4.632710	-4.632862	-4.632862	-4.632710	-4.632862	
-4.686728	-4.633015	-4.684591	-4.632862	-4.632862	-4.632862	-4.632862	-4.633015	
-4.687338	-4.633015	-4.686117	-4.632862	-4.632862	-4.632862	-4.632862	-4.632862	
-4.687796	-4.633015	-4.686270	-4.632862	-4.632862	-4.632862	-4.632862	-4.632862	
-4.687033	-4.633015	-4.694968	-4.632862	-4.632862	-4.632862	-4.632862	-4.632862	
-4.687185	-4.633015	-4.694968	-4.632710	-4.632862	-4.632862	-4.632862	-4.632862	
-4.688253	-4.633015	-4.695883	-4.632862	-4.632862	-4.632862	-4.632710	-4.633015	
-4.687948	-4.633015	-4.691916	-4.632710	-4.632862	-4.632862	-4.632862	-4.633015	
-4.686880	-4.633015	-4.691305	-4.632710	-4.632862	-4.632862	-4.632710	-4.632862	
-4.686728	-4.633015	-4.686270	-4.632862	-4.632862	-4.632862	-4.632862	-4.633015	
-4.687948	-4.633015	-4.690084	-4.632710	-4.632862	-4.632862	-4.632710	-4.632862	
-4.685965	-4.633015	-4.689779	-4.632862	-4.632862	-4.632862	-4.632862	-4.632862	
-4.685965	-4.633015	-4.684134	-4.632862	-4.632862	-4.632862	-4.632710	-4.632862	
-4.688406	-4.633015	-4.686728	-4.632862	-4.632862	-4.632862	-4.632862	-4.632862	
-4.685202	-4.633015	-4.681234	-4.632862	-4.632862	-4.632862	-4.632862	-4.632862	
-4.686422	-4.633015	-4.682913	-4.632710	-4.632862	-4.632862	-4.632862	-4.632862	
-4.687948	-4.633015	-4.686117	-4.632862	-4.632862	-4.632862	-4.632862	-4.632862	
-4.685965	-4.633015	-4.687796	-4.632710	-4.632862	-4.633015	-4.632710	-4.632862	
-4.686117	-4.633015	-4.688864	-4.632862	-4.633015	-4.632862	-4.632862	-4.632862	
-4.688559	-4.633015	-4.688253	-4.632862	-4.632862	-4.632862	-4.632710	-4.632862	
-4.685965	-4.633015	-4.687643	-4.632862	-4.633015	-4.632862	-4.632862	-4.633015	
-4.687185	-4.633015	-4.697714	-4.632862	-4.632862	-4.632862	-4.632862	-4.633015	
-4.687948	-4.633015	-4.672994	-4.632710	-4.632862	-4.632862	-4.632862	-4.632862	
-4.686575	-4.633015	-4.694815	-4.632862	-4.632862	-4.632862	-4.632710	-4.632862	
-4.687185	-4.633015	-4.693594	-4.632862	-4.632862	-4.632862	-4.632862	-4.632862	
-4.686422	-4.633015	-4.698325	-4.632862	-4.632862	-4.632862	-4.632862	-4.633015	
-4.686422	-4.633015	-4.694357	-4.632862	-4.633015	-4.632862	-4.632862	-4.632862	
-4.687948	-4.633015	-4.690084	-4.632862	-4.632862	-4.632862	-4.632862	-4.632862	
-4.685507	-4.633015	-4.694052	-4.632862	-4.632862	-4.632862	-4.632862	-4.632862	
-4.688864	-4.633015	-4.692068	-4.632862	-4.632862	-4.632862	-4.632862	-4.632862	
-4.687490	-4.633015	-4.688406	-4.632862	-4.632862	-4.632862	-4.632862	-4.632862	
-4.687185	-4.633015	-4.688101	-4.632862	-4.632862	-4.632862	-4.632862	-4.632862	
-4.688406	-4.633015	-4.685507	-4.632710	-4.632862	-4.632862	-4.632862	-4.632862	
-4.687490	-4.633015	-4.680166	-4.632710	-4.632862	-4.632862	-4.632710	-4.632862	
-4.686880	-4.633015	-4.679403	-4.632862	-4.632862	-4.632862	-4.632710	-4.632862	
-4.688559	-4.633015	-4.681997	-4.632862	-4.632862	-4.632862	-4.632862	-4.632862	
-4.687185	-4.633015	-4.687948	-4.632862	-4.632862	-4.632862	-4.632862	-4.632862	
-4.686422	-4.633015	-4.688711	-4.632862	-4.633015	-4.632862	-4.632710	-4.632862	
-4.687643	-4.633015	-4.685812	-4.632862	-4.632862	-4.632862	-4.632862	-4.633015	
-4.686575	-4.633015	-4.685202	-4.632710	-4.632862	-4.632862	-4.632710	-4.632862	
-4.686117	-4.633015	-4.683828	-4.632862	-4.632862	-4.632862	-4.632710	-4.632862	
-4.686422	-4.633015	-4.682913	-4.632862	-4.632862	-4.632862	-4.632862	-4.632862	
-4.686728	-4.633015	-4.685049	-4.632862	-4.633015	-4.632862	-4.632862	-4.632862	
-4.686270	-4.633015	-4.684896	-4.632862	-4.632862	-4.632862	-4.632862	-4.632862	
-4.685965	-4.633015	-4.693289	-4.632862	-4.632862	-4.632862	-4.632710	-4.633015	
-4.687643	-4.633015	-4.690237	-4.632862	-4.632862	-4.632862	-4.632862	-4.633015	
-4.685812	-4.633015	-4.694205	-4.632862	-4.632862	-4.632862	-4.632710	-4.632862	
-4.686728	-4.633015	-4.692068	-4.632862	-4.632862	-4.632862	-4.632862	-4.633015	
-4.686728	-4.633015	-4.691153	-4.632862	-4.632862	-4.632862	-4.632862	-4.632862	
-4.686880	-4.633015	-4.689169	-4.632862	-4.633015	-4.632862	-4.632710	-4.633015	
-4.686728	-4.633015	-4.685354	-4.632862	-4.632862	-4.632862	-4.632862	-4.633015	
-4.687033	-4.633015	-4.686728	-4.632862	-4.632862	-4.632862	-4.632862	-4.632862	
-4.687948	-4.633015	-4.681997	-4.632710	-4.632862	-4.632862	-4.632710	-4.632862	
-4.687796	-4.633015	-4.683676	-4.632862	-4.632862	-4.632862	-4.632710	-4.632862	
-4.687338	-4.633015	-4.681692	-4.632710	-4.632862	-4.632862	-4.632862	-4.633015	
-4.688864	-4.633015	-4.683676	-4.632862	-4.632862	-4.632862	-4.632862	-4.633015	
-4.687185	-4.633015	-4.687948	-4.632710	-4.632862	-4.632862	-4.632862	-4.633015	
-4.688253	-4.633015	-4.684439	-4.632862	-4.633015	-4.632862	-4.632710	-4.632862	
-4.688406	-4.633015	-4.688101	-4.632862	-4.632862	-4.632862	-4.632710	-4.632862	
-4.687948	-4.633015	-4.693900	-4.632862	-4.633015	-4.632862	-4.632862	-4.633015	
-4.687185	-4.633015	-4.698020	-4.632710	-4.632862	-4.632862	-4.632710	-4.632862	
-4.686422	-4.633015	-4.697714	-4.632862	-4.632862	-4.632862	-4.632710	-4.632862	
-4.686117	-4.633015	-4.705954	-4.632862	-4.632862	-4.632862	-4.632862	-4.632862	
-4.687185	-4.633015	-4.702139	-4.632710	-4.632862	-4.632862	-4.632862	-4.632862	
-4.686728	-4.633015	-4.705191	-4.632862	-4.632862	-4.632862	-4.632862	-4.632862	
-4.685812	-4.633015	-4.705954	-4.632862	-4.632862	-4.632862	-4.632862	-4.632862	
-4.687948	-4.633015	-4.695273	-4.632862	-4.633015	-4.632862	-4.632862	-4.633015	
-4.687185	-4.633015	-4.692373	-4.632862	-4.632862	-4.632862	-4.632862	-4.632862	
-4.687490	-4.633015	-4.690237	-4.632862	-4.632862	-4.632862	-4.632862	-4.632862	
-4.688253	-4.633015	-4.694052	-4.632862	-4.632862	-4.632862	-4.632862	-4.632862	
-4.687338	-4.633015	-4.701834	-4.632862	-4.632862	-4.632862	-4.632862	-4.632862	
-4.687185	-4.633015	-4.703207	-4.632862	-4.633015	-4.632862	-4.632862	-4.632862	
-4.687643	-4.633015	-4.700461	-4.632710	-4.632862	-4.632862	-4.632862	-4.633015	
-4.685965	-4.633015	-4.697104	-4.632862	-4.632862	-4.632862	-4.632862	-4.632862	
-4.686117	-4.633015	-4.687185	-4.632862	-4.633015	-4.632862	-4.632862	-4.632862	
-4.687033	-4.633015	-4.676961	-4.632862	-4.632862	-4.632862	-4.632862	-4.632862	
-4.686575	-4.633015	-4.671621	-4.632710	-4.632862	-4.632862	-4.632710	-4.632862	
-4.686728	-4.633015	-4.667806	-4.632862	-4.632862	-4.632862	-4.632862	-4.632862	
-4.688406	-4.633015	-4.678640	-4.632862	-4.632862	-4.632862	-4.632710	-4.632862	
-4.687490	-4.633015	-4.679098	-4.632862	-4.632862	-4.632862	-4.632862	-4.632862	
-4.686880	-4.633015	-4.667043	-4.632862	-4.632862	-4.632862	-4.632862	-4.632862	
-4.689169	-4.633015	-4.672994	-4.632862	-4.632862	-4.632862	-4.632710	-4.632862	
-4.687796	-4.633015	-4.678335	-4.632862	-4.632862	-4.632862	-4.632710	-4.633015	
-4.687338	-4.633015	-4.679861	-4.632862	-4.632862	-4.632862	-4.632710	-4.632862	
-4.688101	-4.633015	-4.673757	-4.632862	-4.632862	-4.632862	-4.632862	-4.632862	
-4.687796	-4.633015	-4.673299	-4.632862	-4.632862	-4.632862	-4.632710	-4.632862	
-4.687185	-4.633015	-4.672384	-4.632862	-4.632862	-4.632862	-4.632862	-4.633015	
-4.688101	-4.633015	-4.678640	-4.632862	-4.632862	-4.632862	-4.632862	-4.632862	
-4.688253	-4.633015	-4.687643	-4.632862	-4.632862	-4.632862	-4.632862	-4.632862	
-4.687948	-4.633015	-4.688253	-4.632862	-4.632862	-4.632862	-4.632862	-4.632862	
-4.687643	-4.633015	-4.693442	-4.632710	-4.632862	-4.632862	-4.632710	-4.632862	
-4.688101	-4.633015	-4.688253	-4.632710	-4.633015	-4.632862	-4.632710	-4.632862	
-4.688559	-4.633015	-4.684286	-4.632710	-4.632862	-4.632862	-4.632862	-4.632862	
-4.687796	-4.633015	-4.694357	-4.632862	-4.632862	-4.632862	-4.632710	-4.632862	
-4.687948	-4.633015	-4.694968	-4.632862	-4.632862	-4.632862	-4.632710	-4.632862	
-4.689016	-4.633015	-4.698935	-4.632862	-4.632862	-4.632862	-4.632710	-4.632862	
-4.688406	-4.633015	-4.684744	-4.632862	-4.632862	-4.632862	-4.632862	-4.632862	
-4.687185	-4.633015	-4.667806	-4.632862	-4.632862	-4.632862	-4.632862	-4.632862	
-4.688406	-4.633015	-4.660787	-4.632862	-4.632862	-4.632862	-4.632710	-4.632862	
-4.688864	-4.633015	-4.695273	-4.632862	-4.632862	-4.632862	-4.632862	-4.632862	
-4.687033	-4.633015	-4.695426	-4.632710	-4.633015	-4.632862	-4.632710	-4.632862	
-4.687948	-4.633015	-4.701224	-4.632862	-4.632862	-4.632862	-4.632862	-4.632862	
-4.688253	-4.633015	-4.702139	-4.632862	-4.632862	-4.632862	-4.632710	-4.632862	
-4.687948	-4.633015	-4.678182	-4.632862	-4.632862	-4.632862	-4.632710	-4.632862	
-4.687948	-4.633015	-4.676656	-4.632862	-4.632862	-4.632862	-4.632710	-4.632862	
-4.689779	-4.633015	-4.690695	-4.632710	-4.632862	-4.632862	-4.632862	-4.633015	
-4.687796	-4.633015	-4.687185	-4.632862	-4.633015	-4.632862	-4.632862	-4.632862	
-4.687948	-4.633015	-4.713431	-4.632710	-4.632862	-4.632862	-4.632710	-4.632862	
-4.688559	-4.633015	-4.703818	-4.632862	-4.632862	-4.632862	-4.632862	-4.632862	
-4.687338	-4.633015	-4.687643	-4.632862	-4.633015	-4.632862	-4.632710	-4.632862	
-4.687185	-4.633015	-4.682760	-4.632862	-4.632862	-4.632862	-4.632862	-4.633015	
-4.688406	-4.633015	-4.693594	-4.632862	-4.632862	-4.632862	-4.632862	-4.632862	
-4.687338	-4.633015	-4.695578	-4.632710	-4.632862	-4.632862	-4.632862	-4.632862	
-4.687033	-4.633015	-4.698325	-4.632862	-4.632862	-4.632862	-4.632710	-4.632862	
-4.687490	-4.633015	-4.680166	-4.632710	-4.632862	-4.632862	-4.632710	-4.632862	
-4.687643	-4.633015	-4.679708	-4.632862	-4.632862	-4.632862	-4.632862	-4.632862	
-4.687338	-4.633015	-4.688864	-4.632862	-4.632862	-4.632862	-4.632710	-4.632862	
-4.687033	-4.633015	-4.686880	-4.632862	-4.633015	-4.632862	-4.632862	-4.632862	
-4.687490	-4.633015	-4.691458	-4.632862	-4.632862	-4.632862	-4.632862	-4.632862	
-4.687338	-4.633015	-4.697562	-4.632862	-4.632862	-4.632862	-4.632862	-4.632862	
-4.688406	-4.633015	-4.692832	-4.632710	-4.632862	-4.632862	-4.632862	-4.632862	
-4.686880	-4.633015	-4.695578	-4.632862	-4.632862	-4.632862	-4.632710	-4.632862	
-4.687643	-4.633015	-4.683676	-4.632862	-4.633015	-4.632862	-4.632862	-4.632862	
-4.688559	-4.633015	-4.687796	-4.632862	-4.632862	-4.632862	-4.632710	-4.632862	
-4.687643	-4.633015	-4.694968	-4.632710	-4.632862	-4.632862	-4.632862	-4.632862	
-4.687338	-4.633015	-4.689627	-4.632862	-4.633015	-4.632862	-4.632862	-4.632862	
-4.688559	-4.633015	-4.673910	-4.632862	-4.633015	-4.632862	-4.632710	-4.632862	
-4.687948	-4.633015	-4.666128	-4.632862	-4.632862	-4.632862	-4.632862	-4.633015	
-4.687796	-4.633015	-4.677724	-4.632862	-4.632862	-4.632862	-4.632862	-4.632862	
-4.687796	-4.633015	-4.667043	-4.632862	-4.632862	-4.632862	-4.632862	-4.632862	
-4.687490	-4.633015	-4.675893	-4.632862	-4.632862	-4.632862	-4.632862	-4.632862	
-4.687796	-4.633015	-4.670705	-4.632710	-4.632862	-4.632862	-4.632862	-4.632862	
-4.687490	-4.633015	-4.672994	-4.632862	-4.633015	-4.632862	-4.632862	-4.632862	
-4.687948	-4.633015	-4.678640	-4.632862	-4.632862	-4.632862	-4.632862	-4.632862	
-4.688101	-4.633015	-4.678335	-4.632862	-4.633015	-4.632862	-4.632862	-4.633015	
-4.687490	-4.633015	-4.669637	-4.632862	-4.632862	-4.632862	-4.632710	-4.632862	
-4.687948	-4.633015	-4.680929	-4.632862	-4.632862	-4.632862	-4.632710	-4.633015	
-4.687948	-4.633015	-4.669179	-4.632862	-4.632862	-4.632862	-4.632862	-4.632862	
-4.687643	-4.633015	-4.696951	-4.632710	-4.632862	-4.632862	-4.632862	-4.632862	
-4.687490	-4.633015	-4.682302	-4.632862	-4.632862	-4.632862	-4.632862	-4.632862	
-4.687490	-4.633015	-4.679098	-4.632862	-4.632862	-4.632862	-4.632862	-4.632862	
-4.687948	-4.633015	-4.688253	-4.632862	-4.632862	-4.632862	-4.632710	-4.632862	
-4.687490	-4.633015	-4.678030	-4.632862	-4.632862	-4.632862	-4.632862	-4.632862	
-4.687643	-4.633015	-4.687490	-4.632862	-4.632862	-4.632862	-4.632862	-4.632862	
-4.687643	-4.633015	-4.703207	-4.632862	-4.633015	-4.632862	-4.632862	-4.633015	
-4.686880	-4.633015	-4.709769	-4.632862	-4.632862	-4.632862	-4.632862	-4.632862	
-4.687643	-4.633015	-4.676351	-4.632862	-4.632862	-4.632862	-4.632710	-4.632862	
-4.687033	-4.633015	-4.675436	-4.632862	-4.632862	-4.632862	-4.632862	-4.633015	
-4.688101	-4.633015	-4.705344	-4.632862	-4.633015	-4.632862	-4.632710	-4.633015	
-4.687796	-4.633015	-4.716941	-4.632862	-4.632862	-4.632862	-4.632862	-4.632862	
-4.687185	-4.633015	-4.714652	-4.632710	-4.632862	-4.632862	-4.632710	-4.632862	
-4.687033	-4.633015	-4.710989	-4.632862	-4.632862	-4.632862	-4.632862	-4.632862	
-4.687338	-4.633015	-4.713584	-4.632862	-4.632862	-4.632862	-4.632862	-4.632862	
-4.687185	-4.633015	-4.715415	-4.632862	-4.633015	-4.632862	-4.632862	-4.632862	
-4.686575	-4.633015	-4.701376	-4.632710	-4.632862	-4.632862	-4.632710	-4.632862	
-4.687490	-4.633015	-4.681234	-4.632862	-4.632862	-4.632862	-4.632862	-4.632862	
-4.687338	-4.633015	-4.668264	-4.632862	-4.632862	-4.632862	-4.632710	-4.632862	
-4.687338	-4.633015	-4.658345	-4.632862	-4.632862	-4.632862	-4.632862	-4.633015	
-4.687185	-4.633015	-4.652852	-4.632862	-4.632862	-4.632862	-4.632710	-4.632862	
-4.688864	-4.633015	-4.670553	-4.632862	-4.633015	-4.632862	-4.632862	-4.632862	
-4.686880	-4.633015	-4.684591	-4.632862	-4.632862	-4.632862	-4.632710	-4.633015	
-4.687948	-4.633015	-4.684591	-4.632862	-4.633015	-4.632862	-4.632862	-4.632862	
-4.688101	-4.633015	-4.671010	-4.632862	-4.632862	-4.632862	-4.632710	-4.632862	
-4.686880	-4.633015	-4.685507	-4.632710	-4.632862	-4.632862	-4.632862	-4.632862	
-4.687490	-4.633015	-4.695731	-4.632862	-4.632862	-4.632862	-4.632862	-4.632862	
-4.687948	-4.633015	-4.692984	-4.632710	-4.632862	-4.632862	-4.632710	-4.632862	
-4.687033	-4.633015	-4.697104	-4.632862	-4.632862	-4.632862	-4.632862	-4.632862	
-4.687185	-4.633015	-4.686880	-4.632862	-4.632862	-4.632862	-4.632710	-4.632862	
-4.687338	-4.633015	-4.686117	-4.632710	-4.632862	-4.632862	-4.632710	-4.632862	
-4.686880	-4.633015	-4.676656	-4.632862	-4.632862	-4.632862	-4.632710	-4.633015	
-4.687796	-4.633015	-4.674978	-4.632862	-4.632862	-4.632862	-4.632862	-4.633015	
-4.687185	-4.633015	-4.685049	-4.632862	-4.632862	-4.632862	-4.632710	-4.633015	
-4.687643	-4.633015	-4.672994	-4.632862	-4.633015	-4.632862	-4.632862	-4.632862	
-4.687490	-4.633015	-4.678487	-4.632862	-4.633015	-4.632862	-4.632710	-4.632862	
-4.688559	-4.633015	-4.676198	-4.632862	-4.632862	-4.632862	-4.632862	-4.632862	
-4.688101	-4.633015	-4.692221	-4.632710	-4.633015	-4.632862	-4.632710	-4.632862	
-4.687338	-4.633015	-4.696341	-4.632862	-4.632862	-4.632862	-4.632862	-4.633015	
-4.688559	-4.633015	-4.690390	-4.632862	-4.632862	-4.632862	-4.632710	-4.632862	
-4.688253	-4.633015	-4.707785	-4.632710	-4.633015	-4.632862	-4.632862	-4.632862	
-4.687338	-4.633015	-4.703970	-4.632862	-4.632862	-4.632862	-4.632862	-4.632862	
-4.687948	-4.633015	-4.702445	-4.632862	-4.632862	-4.632862	-4.632710	-4.632862	
-4.688101	-4.633015	-4.696951	-4.632862	-4.632862	-4.632862	-4.632862	-4.632862	
-4.687490	-4.633015	-4.707633	-4.632862	-4.632862	-4.632862	-4.632862	-4.632862	
-4.687948	-4.633015	-4.691153	-4.632862	-4.633015	-4.632862	-4.632862	-4.633015	
-4.687643	-4.633015	-4.695273	-4.632862	-4.632862	-4.632862	-4.632710	-4.632862	
-4.687948	-4.633015	-4.707480	-4.632862	-4.632862	-4.632862	-4.632862	-4.633015	
-4.687796	-4.633015	-4.677114	-4.632862	-4.632862	-4.632862	-4.632862	-4.632862	
-4.687948	-4.633015	-4.682760	-4.632862	-4.632862	-4.632862	-4.632862	-4.632862	
-4.687490	-4.633015	-4.684286	-4.632862	-4.632862	-4.632862	-4.632862	-4.632862	
-4.687490	-4.633015	-4.687948	-4.632710	-4.632862	-4.632862	-4.632862	-4.632862	
-4.688253	-4.633015	-4.681539	-4.632862	-4.633015	-4.632862	-4.632862	-4.632862	
-4.687338	-4.633015	-4.672079	-4.632710	-4.632862	-4.632862	-4.632862	-4.632862	
-4.687185	-4.633015	-4.687796	-4.632862	-4.632862	-4.632862	-4.632862	-4.633015	
-4.688101	-4.633015	-4.686728	-4.632862	-4.632862	-4.632862	-4.632862	-4.632862	
-4.687796	-4.633015	-4.684134	-4.632862	-4.632862	-4.632862	-4.632862	-4.632862	
-4.687490	-4.633015	-4.686880	-4.632710	-4.632862	-4.632862	-4.632862	-4.632862	
-4.688406	-4.633015	-4.674673	-4.632862	-4.632862	-4.632862	-4.632862	-4.632862	
-4.688253	-4.633015	-4.684286	-4.632862	-4.632862	-4.632862	-4.632710	-4.632862	
-4.686880	-4.633015	-4.681386	-4.632862	-4.632862	-4.632862	-4.632862	-4.632862	
-4.687948	-4.633015	-4.694205	-4.632710	-4.632862	-4.632862	-4.632862	-4.632862	
-4.687185	-4.633015	-4.717704	-4.632862	-4.632862	-4.632862	-4.632862	-4.632862	
-4.686880	-4.633015	-4.697409	-4.632862	-4.632862	-4.632862	-4.632862	-4.633015	
-4.688406	-4.633015	-4.694663	-4.632862	-4.632862	-4.632862	-4.632862	-4.633015	
-4.687948	-4.633015	-4.692526	-4.632862	-4.632862	-4.632862	-4.632710	-4.632862	
-4.686728	-4.633015	-4.681081	-4.632862	-4.632862	-4.632862	-4.632710	-4.632862	
-4.688559	-4.633015	-4.700766	-4.632862	-4.632862	-4.632862	-4.632710	-4.632862	
-4.688253	-4.633015	-4.702902	-4.632862	-4.632862	-4.632862	-4.632862	-4.632862	
-4.687490	-4.633015	-4.702902	-4.632862	-4.632862	-4.632862	-4.632710	-4.633015	
-4.687490	-4.633015	-4.656667	-4.632862	-4.632862	-4.632862	-4.632710	-4.632862	
-4.687948	-4.633015	-4.657430	-4.632862	-4.633015	-4.632862	-4.632862	-4.632862	
-4.687185	-4.633015	-4.676504	-4.632862	-4.633015	-4.632862	-4.632862	-4.632862	
-4.688253	-4.633015	-4.663686	-4.632710	-4.632862	-4.632862	-4.632862	-4.633015	
-4.687948	-4.633015	-4.668111	-4.632862	-4.632862	-4.632862	-4.632862	-4.632862	
-4.687490	-4.633015	-4.655904	-4.632862	-4.633015	-4.632862	-4.632710	-4.632862	
-4.687490	-4.633015	-4.706564	-4.632862	-4.632862	-4.632862	-4.632710	-4.632862	
-4.686880	-4.633015	-4.665670	-4.632710	-4.632862	-4.632862	-4.632862	-4.632862	
-4.687033	-4.633015	-4.663075	-4.632862	-4.632862	-4.632862	-4.632710	-4.632862	
-4.686575	-4.633015	-4.705954	-4.632862	-4.632862	-4.632862	-4.632862	-4.632862	
-4.688101	-4.633015	-4.703818	-4.632862	-4.632862	-4.632862	-4.632862	-4.632862	
-4.686422	-4.633015	-4.706870	-4.632710	-4.632862	-4.632862	-4.632862	-4.632862	
-4.688253	-4.633015	-4.715568	-4.632862	-4.632862	-4.632862	-4.632862	-4.632862	
-4.687490	-4.633015	-4.657430	-4.632862	-4.632862	-4.632862	-4.632710	-4.632862	
-4.687185	-4.633015	-4.685507	-4.632710	-4.632862	-4.632862	-4.632862	-4.632862	
-4.688864	-4.633015	-4.685507	-4.632862	-4.632862	-4.632862	-4.632862	-4.632862	
-4.686880	-4.633015	-4.661397	-4.632710	-4.632862	-4.632862	-4.632710	-4.632862	
-4.687338	-4.633015	-4.656209	-4.632710	-4.632862	-4.632862	-4.632862	-4.632862	
-4.689016	-4.633015	-4.666738	-4.632862	-4.633015	-4.632862	-4.632862	-4.633015	
-4.687033	-4.633015	-4.671621	-4.632862	-4.632862	-4.632862	-4.632862	-4.632862	
-4.686880	-4.633015	-4.689322	-4.632862	-4.632862	-4.632862	-4.632862	-4.632862	
-4.687643	-4.633015	-4.667959	-4.632862	-4.632862	-4.632862	-4.632862	-4.633015	
-4.686880	-4.633015	-4.715720	-4.632710	-4.632862	-4.632862	-4.632862	-4.632862	
-4.688101	-4.633015	-4.718314	-4.632862	-4.632862	-4.632862	-4.632710	-4.632862	
-4.687338	-4.633015	-4.710227	-4.632862	-4.632862	-4.632862	-4.632862	-4.632862	
-4.686728	-4.633015	-4.708090	-4.632862	-4.632862	-4.632862	-4.632710	-4.632862	
-4.689169	-4.633015	-4.682760	-4.632862	-4.632862	-4.632862	-4.632862	-4.632862	
-4.687033	-4.633015	-4.711447	-4.632862	-4.632862	-4.632862	-4.632862	-4.632862	
-4.687185	-4.633015	-4.691763	-4.632862	-4.632862	-4.632862	-4.632862	-4.632862	
-4.687490	-4.633015	-4.711447	-4.632862	-4.632862	-4.632862	-4.632862	-4.632862	
-4.686117	-4.633015	-4.682607	-4.632862	-4.633015	-4.632862	-4.632710	-4.632862	
-4.688406	-4.633015	-4.681844	-4.632862	-4.632862	-4.632862	-4.632862	-4.633015	
-4.687033	-4.633015	-4.696799	-4.632710	-4.632862	-4.633015	-4.632862	-4.632862	
-4.686575	-4.633015	-4.714499	-4.632862	-4.632862	-4.632862	-4.632862	-4.633015	
-4.687948	-4.633015	-4.687033	-4.632862	-4.632862	-4.632862	-4.632862	-4.632862	
-4.686575	-4.633015	-4.676046	-4.632862	-4.632862	-4.632862	-4.632710	-4.632862	
-4.688253	-4.633015	-4.715110	-4.632862	-4.632862	-4.632862	-4.632862	-4.632862	
-4.686880	-4.633015	-4.653462	-4.632710	-4.633015	-4.632862	-4.632710	-4.632862	
-4.687033	-4.633015	-4.700613	-4.632862	-4.632862	-4.632862	-4.632862	-4.633015	
-4.688559	-4.633015	-4.673604	-4.632710	-4.632862	-4.632862	-4.632862	-4.632862	
-4.686270	-4.633015	-4.688711	-4.632862	-4.632862	-4.632862	-4.632862	-4.633015	
-4.688559	-4.633015	-4.669790	-4.632862	-4.632862	-4.632862	-4.632862	-4.632862	
-4.688101	-4.633015	-4.643391	-4.632862	-4.632862	-4.632862	-4.632710	-4.633015	
-4.686117	-4.633015	-4.654073	-4.632862	-4.632862	-4.632862	-4.632710	-4.632862	
-4.688559	-4.633015	-4.643239	-4.632862	-4.632862	-4.632862	-4.632710	-4.632862	
-4.687338	-4.633015	-4.696799	-4.632862	-4.632862	-4.632862	-4.632710	-4.632862	
-4.688101	-4.633015	-4.643239	-4.632862	-4.632862	-4.632862	-4.632862	-4.632862	
-4.689474	-4.633015	-4.674215	-4.632862	-4.632862	-4.632862	-4.632710	-4.633015	
-4.686728	-4.633015	-4.718162	-4.632862	-4.632862	-4.632862	-4.632862	-4.632862	
-4.688864	-4.633015	-4.681234	-4.632710	-4.632862	-4.632862	-4.632862	-4.632862	
-4.688559	-4.633015	-4.659261	-4.632862	-4.632862	-4.632862	-4.632710	-4.633015	
-4.686575	-4.633015	-4.702292	-4.632862	-4.632862	-4.632862	-4.632862	-4.632862	
-4.689932	-4.633015	-4.717551	-4.632862	-4.632862	-4.632862	-4.632862	-4.632862	
-4.687643	-4.633015	-4.718467	-4.632862	-4.632862	-4.632862	-4.632862	-4.632862	
-4.686880	-4.633015	-4.718467	-4.632710	-4.632862	-4.632862	-4.632862	-4.632862	
-4.689779	-4.633015	-4.695426	-4.632862	-4.632862	-4.632862	-4.632862	-4.632862	
-4.685965	-4.633015	-4.672689	-4.632862	-4.632862	-4.632862	-4.632862	-4.632862	
-4.686880	-4.633015	-4.693900	-4.632862	-4.633015	-4.632862	-4.632710	-4.632862	
-4.688864	-4.633015	-4.684896	-4.632862	-4.632862	-4.632862	-4.632862	-4.632862	
-4.686270	-4.633015	-4.678792	-4.632710	-4.632862	-4.632862	-4.632862	-4.632862	
-4.687033	-4.633015	-4.684896	-4.632862	-4.632862	-4.632862	-4.632862	-4.632862	
-4.687185	-4.633015	-4.713126	-4.632862	-4.632862	-4.632862	-4.632862	-4.632862	
-4.686270	-4.633015	-4.717093	-4.632862	-4.633015	-4.632862	-4.632862	-4.633015	
-4.687796	-4.633015	-4.716636	-4.632862	-4.632862	-4.632862	-4.632862	-4.632862	
-4.686422	-4.633015	-4.717856	-4.632862	-4.632862	-4.632862	-4.632710	-4.632862	
-4.688101	-4.633015	-4.717246	-4.632862	-4.632862	-4.632862	-4.632710	-4.633015	
-4.686575	-4.633015	-4.718619	-4.632862	-4.632862	-4.632862	-4.632862	-4.632862	
-4.687490	-4.633015	-4.647359	-4.632710	-4.632862	-4.632862	-4.632862	-4.633015	
-4.688101	-4.633015	-4.682913	-4.632862	-4.632862	-4.632862	-4.632862	-4.632862	
-4.686117	-4.633015	-4.716331	-4.632862	-4.633015	-4.632862	-4.632862	-4.633015	
-4.687185	-4.633015	-4.644002	-4.632862	-4.632862	-4.632862	-4.632862	-4.632862	
-4.687185	-4.633015	-4.660481	-4.632710	-4.632862	-4.632862	-4.632862	-4.632862	
-4.686422	-4.633015	-4.686117	-4.632862	-4.632862	-4.632862	-4.632862	-4.632862	
-4.687948	-4.633015	-4.642781	-4.632862	-4.633015	-4.632862	-4.632710	-4.632862	
-4.686728	-4.633015	-4.684591	-4.632710	-4.632862	-4.632862	-4.632862	-4.633015	
-4.687185	-4.633015	-4.675436	-4.632862	-4.633015	-4.632862	-4.632862	-4.632862	
-4.688864	-4.633015	-4.653615	-4.632710	-4.632862	-4.632862	-4.632862	-4.632862	
-4.686117	-4.633015	-4.682760	-4.632862	-4.632862	-4.632862	-4.632862	-4.632862	
-4.688864	-4.633015	-4.653310	-4.632862	-4.632862	-4.632862	-4.632862	-4.632862	
-4.687948	-4.633015	-4.644155	-4.632862	-4.632862	-4.632862	-4.632710	-4.632862	
-4.686422	-4.633015	-4.693594	-4.632710	-4.632862	-4.632862	-4.632862	-4.632862	
-4.688864	-4.633015	-4.642781	-4.632862	-4.632862	-4.632862	-4.632862	-4.632862	
-4.688253	-4.633015	-4.648885	-4.632862	-4.632862	-4.632862	-4.632710	-4.632862	
-4.686575	-4.633015	-4.688101	-4.632710	-4.632862	-4.632862	-4.632862	-4.632862	
-4.689627	-4.633015	-4.650868	-4.632862	-4.633015	-4.632862	-4.632710	-4.632862	
-4.687033	-4.633015	-4.678945	-4.632710	-4.632862	-4.632862	-4.632862	-4.632862	
-4.687643	-4.633015	-4.696036	-4.632862	-4.632862	-4.632862	-4.632862	-4.633015	
-4.688406	-4.633015	-4.694663	-4.632862	-4.632862	-4.632862	-4.632710	-4.632862	
-4.687490	-4.633015	-4.712058	-4.632862	-4.632862	-4.632862	-4.632862	-4.632862	
-4.688253	-4.633015	-4.708701	-4.632862	-4.632862	-4.632862	-4.632862	-4.633015	
-4.686575	-4.633015	-4.676656	-4.632862	-4.632862	-4.632862	-4.632862	-4.632862	
-4.688101	-4.633015	-4.668417	-4.632862	-4.632862	-4.632862	-4.632862	-4.633015	
-4.688559	-4.633015	-4.685202	-4.632862	-4.632862	-4.632862	-4.632862	-4.632862	
-4.686728	-4.633015	-4.687338	-4.632862	-4.633015	-4.632862	-4.632862	-4.632862	
-4.688101	-4.633015	-4.694205	-4.632862	-4.632862	-4.632862	-4.632862	-4.632862	
-4.686575	-4.633015	-4.716483	-4.632862	-4.633015	-4.632862	-4.632710	-4.633015	
-4.685659	-4.633015	-4.681692	-4.632862	-4.633015	-4.632862	-4.632710	-4.632862	
-4.688253	-4.633015	-4.714805	-4.632710	-4.632862	-4.632862	-4.632862	-4.632862	
-4.687948	-4.633015	-4.714957	-4.632710	-4.632862	-4.632862	-4.632862	-4.632862	
-4.689322	-4.633015	-4.683523	-4.632862	-4.632862	-4.632862	-4.632862	-4.632862	
-4.687948	-4.633015	-4.687338	-4.632862	-4.632862	-4.632862	-4.632862	-4.632862	
-4.687796	-4.633015	-4.691153	-4.632710	-4.632862	-4.632862	-4.632862	-4.633015	
-4.689169	-4.633015	-4.666433	-4.632862	-4.633015	-4.632862	-4.632710	-4.632862	
-4.685354	-4.633015	-4.676656	-4.632862	-4.632862	-4.632862	-4.632862	-4.633015	
-4.688559	-4.633015	-4.684744	-4.632862	-4.632862	-4.632862	-4.632710	-4.633015	
-4.687948	-4.633015	-4.675436	-4.632710	-4.632862	-4.632862	-4.632862	-4.633015	
-4.684744	-4.633015	-4.669332	-4.632862	-4.632862	-4.632862	-4.632862	-4.632862	
-4.689016	-4.633015	-4.652089	-4.632862	-4.632862	-4.632862	-4.632862	-4.633015	
-4.687948	-4.633015	-4.680776	-4.632710	-4.632862	-4.632862	-4.632862	-4.632862	
-4.685659	-4.633015	-4.694968	-4.632862	-4.632862	-4.632862	-4.632862	-4.632862	
-4.689016	-4.633015	-4.687033	-4.632710	-4.632862	-4.632862	-4.632862	-4.633015	
-4.686575	-4.633015	-4.704123	-4.632862	-4.632862	-4.632862	-4.632862	-4.633015	
-4.686575	-4.633015	-4.690847	-4.632862	-4.632862	-4.632862	-4.632710	-4.632862	
-4.687490	-4.633015	-4.679403	-4.632862	-4.632862	-4.632862	-4.632862	-4.632862	
-4.685965	-4.633015	-4.687948	-4.632710	-4.632862	-4.632862	-4.632710	-4.632862	
-4.687490	-4.633015	-4.679555	-4.632862	-4.633015	-4.632862	-4.632862	-4.632862	
-4.686117	-4.633015	-4.689779	-4.632862	-4.632862	-4.632862	-4.632710	-4.632862	
-4.687338	-4.633015	-4.694968	-4.632862	-4.632862	-4.632862	-4.632862	-4.632862	
-4.688253	-4.633015	-4.694205	-4.632710	-4.632862	-4.632862	-4.632710	-4.632862	
-4.685659	-4.633015	-4.699545	-4.632862	-4.632862	-4.632862	-4.632862	-4.632862	
-4.688101	-4.633015	-4.693900	-4.632862	-4.632862	-4.632862	-4.632710	-4.632862	
-4.688864	-4.633015	-4.695731	-4.632862	-4.632862	-4.632862	-4.632862	-4.632862	
-4.685659	-4.633015	-4.688101	-4.632862	-4.632862	-4.632862	-4.632710	-4.632862	
-4.688253	-4.633015	-4.687185	-4.632862	-4.632862	-4.632862	-4.632862	-4.632862	
-4.688559	-4.633015	-4.690695	-4.632862	-4.633015	-4.632862	-4.632710	-4.632862	
-4.686422	-4.633015	-4.677877	-4.632862	-4.632862	-4.632862	-4.632862	-4.632862	
-4.687796	-4.633015	-4.682913	-4.632862	-4.633015	-4.632862	-4.632710	-4.632862	
-4.689016	-4.633015	-4.680776	-4.632862	-4.632862	-4.632862	-4.632862	-4.632862	
-4.687948	-4.633015	-4.680776	-4.632710	-4.632862	-4.632862	-4.632862	-4.632862	
-4.688253	-4.633015	-4.693747	-4.632710	-4.632862	-4.632862	-4.632862	-4.632862	
-4.689169	-4.633015	-4.692373	-4.632862	-4.632862	-4.632862	-4.632710	-4.632862	
-4.687643	-4.633015	-4.684286	-4.632862	-4.632862	-4.632862	-4.632862	-4.632862	
-4.686880	-4.633015	-4.698630	-4.632862	-4.632862	-4.632862	-4.632862	-4.632862	
-4.688101	-4.633015	-4.700461	-4.632862	-4.632862	-4.632862	-4.632710	-4.632862	
-4.688101	-4.633015	-4.684439	-4.632862	-4.633015	-4.632862	-4.632862	-4.632862	
-4.686880	-4.633015	-4.715110	-4.632862	-4.632862	-4.632862	-4.632862	-4.633015	
-4.690084	-4.633015	-4.675436	-4.632862	-4.632862	-4.632862	-4.632862	-4.632862	
-4.687796	-4.633015	-4.698325	-4.632862	-4.632862	-4.632862	-4.632862	-4.633015	
-4.687948	-4.633015	-4.676504	-4.632862	-4.632862	-4.632862	-4.632710	-4.632862	
-4.689779	-4.633015	-4.669332	-4.632862	-4.632862	-4.632862	-4.632862	-4.632862	
-4.686880	-4.633015	-4.679403	-4.632862	-4.632862	-4.632862	-4.632862	-4.633015	
-4.688253	-4.633015	-4.687948	-4.632862	-4.632862	-4.632862	-4.632710	-4.632862	
-4.688559	-4.633015	-4.668111	-4.632862	-4.632862	-4.632862	-4.632710	-4.632862	
-4.686422	-4.633015	-4.689474	-4.632710	-4.632862	-4.632862	-4.632862	-4.632862	
-4.688559	-4.633015	-4.699393	-4.632862	-4.633015	-4.632862	-4.632862	-4.633015	
-4.687948	-4.633015	-4.691305	-4.632862	-4.632862	-4.632862	-4.632862	-4.632862	
-4.686270	-4.633015	-4.696646	-4.632862	-4.632862	-4.632862	-4.632862	-4.632862	
-4.687948	-4.633015	-4.681539	-4.632710	-4.632862	-4.632862	-4.632710	-4.632862	
-4.686880	-4.633015	-4.665365	-4.632862	-4.632862	-4.632862	-4.632862	-4.632862	
-4.687033	-4.633015	-4.672384	-4.632710	-4.632862	-4.632862	-4.632862	-4.633015	
-4.687338	-4.633015	-4.667501	-4.632862	-4.633015	-4.632862	-4.632862	-4.632862	
-4.686422	-4.633015	-4.658040	-4.632862	-4.632862	-4.632862	-4.632710	-4.633015	
-4.688406	-4.633015	-4.680624	-4.632862	-4.632862	-4.632862	-4.632862	-4.632862	
-4.686270	-4.633015	-4.684744	-4.632862	-4.632862	-4.632862	-4.632862	-4.632862	
-4.687033	-4.633015	-4.685049	-4.632710	-4.632862	-4.632862	-4.632710	-4.633015	
-4.688101	-4.633015	-4.699851	-4.632862	-4.632862	-4.632862	-4.632862	-4.632862	
-4.686880	-4.633015	-4.711905	-4.632862	-4.632862	-4.632862	-4.632710	-4.633015	
-4.687796	-4.633015	-4.704581	-4.632862	-4.632862	-4.632862	-4.632862	-4.632862	
-4.687796	-4.633015	-4.715568	-4.632862	-4.632862	-4.632862	-4.632710	-4.632862	
-4.687643	-4.633015	-4.685965	-4.632862	-4.632862	-4.632862	-4.632710	-4.632862	
-4.687033	-4.633015	-4.667959	-4.632862	-4.633015	-4.632862	-4.632710	-4.632862	
-4.687185	-4.633015	-4.684744	-4.632862	-4.632862	-4.632862	-4.632862	-4.632862	
-4.687643	-4.633015	-4.681692	-4.632862	-4.632862	-4.632862	-4.632862	-4.633015	
-4.686575	-4.633015	-4.672384	-4.632862	-4.632862	-4.632862	-4.632710	-4.632862	
-4.687033	-4.633015	-4.682913	-4.632862	-4.632862	-4.632862	-4.632862	-4.632862	
-4.688864	-4.633015	-4.666280	-4.632710	-4.632862	-4.632862	-4.632862	-4.632862	
-4.686422	-4.633015	-4.677572	-4.632862	-4.632862	-4.632862	-4.632710	-4.633015	
-4.687185	-4.633015	-4.658040	-4.632710	-4.632862	-4.632862	-4.632862	-4.633015	
-4.689016	-4.633015	-4.662770	-4.632862	-4.632862	-4.632862	-4.632710	-4.633015	
-4.685202	-4.633015	-4.716941	-4.632862	-4.632862	-4.632862	-4.632862	-4.632862	
-4.689016	-4.633015	-4.706870	-4.632862	-4.632862	-4.632862	-4.632862	-4.632862	
-4.687643	-4.633015	-4.707633	-4.632862	-4.632862	-4.632862	-4.632862	-4.632862	
-4.686880	-4.633015	-4.702445	-4.632862	-4.633015	-4.632862	-4.632710	-4.632862	
-4.688101	-4.633015	-4.688559	-4.632862	-4.633015	-4.632862	-4.632862	-4.632862	
-4.686728	-4.633015	-4.679250	-4.632862	-4.632862	-4.632862	-4.632862	-4.633015	
-4.687796	-4.633015	-4.661397	-4.632862	-4.632862	-4.632862	-4.632862	-4.632862	
-4.688101	-4.633015	-4.669179	-4.632862	-4.632862	-4.632862	-4.632710	-4.632862	
-4.685659	-4.633015	-4.685965	-4.632862	-4.632862	-4.632862	-4.632862	-4.633015	
-4.688253	-4.633015	-4.695883	-4.632710	-4.632862	-4.632862	-4.632862	-4.632862	
-4.687796	-4.633015	-4.707938	-4.632862	-4.632862	-4.632862	-4.632862	-4.632862	
-4.685812	-4.633015	-4.697257	-4.632862	-4.632862	-4.632862	-4.632862	-4.632862	
-4.689474	-4.633015	-4.691610	-4.632862	-4.632862	-4.632862	-4.632862	-4.632862	
-4.686728	-4.633015	-4.673299	-4.632862	-4.632862	-4.632862	-4.632862	-4.632862	
-4.687033	-4.633015	-4.673299	-4.632710	-4.632862	-4.632862	-4.632862	-4.633015	
-4.687948	-4.633015	-4.678030	-4.632862	-4.632862	-4.632862	-4.632862	-4.632862	
-4.687185	-4.633015	-4.675741	-4.632710	-4.632862	-4.632862	-4.632862	-4.633015	
-4.687643	-4.633015	-4.684896	-4.632862	-4.633015	-4.632862	-4.632862	-4.632862	
-4.688406	-4.633015	-4.690695	-4.632862	-4.632862	-4.632862	-4.632862	-4.632862	
-4.687185	-4.633015	-4.689627	-4.632862	-4.632862	-4.632862	-4.632862	-4.632862	
-4.688253	-4.633015	-4.705954	-4.632862	-4.632862	-4.632862	-4.632710	-4.632862	
-4.687338	-4.633015	-4.708853	-4.632710	-4.632862	-4.632862	-4.632862	-4.632862	
-4.688864	-4.633015	-4.702292	-4.632862	-4.633015	-4.632862	-4.632862	-4.632862	
-4.687185	-4.633015	-4.705191	-4.632862	-4.632862	-4.632862	-4.632710	-4.632862	
-4.687490	-4.633015	-4.691916	-4.632862	-4.632862	-4.632862	-4.632710	-4.632862	
-4.688559	-4.633015	-4.688864	-4.632862	-4.632862	-4.632862	-4.632862	-4.633015	
-4.687033	-4.633015	-4.705649	-4.632862	-4.632862	-4.632862	-4.632862	-4.633015	
-4.687643	-4.633015	-4.680166	-4.632862	-4.633015	-4.632862	-4.632710	-4.632862	
-4.687490	-4.633015	-4.674673	-4.632862	-4.633015	-4.632862	-4.632710	-4.632862	
-4.687033	-4.633015	-4.673757	-4.632862	-4.632862	-4.632862	-4.632862	-4.632862	
-4.687643	-4.633015	-4.659566	-4.632862	-4.632862	-4.632862	-4.632862	-4.633015	
-4.686575	-4.633015	-4.675588	-4.632862	-4.632862	-4.632862	-4.632862	-4.633015	
-4.687185	-4.633015	-4.669179	-4.632862	-4.632862	-4.632862	-4.632710	-4.632862	
-4.689474	-4.633015	-4.659566	-4.632862	-4.632862	-4.632862	-4.632710	-4.632862	
-4.685659	-4.633015	-4.667959	-4.632862	-4.632862	-4.632862	-4.632862	-4.632862	
-4.687338	-4.633015	-4.668874	-4.632862	-4.632862	-4.632862	-4.632710	-4.632862	
-4.689627	-4.633015	-4.666280	-4.632862	-4.632862	-4.632862	-4.632862	-4.632862	
-4.685507	-4.633015	-4.683218	-4.632862	-4.632862	-4.632862	-4.632862	-4.632862	
-4.688253	-4.633015	-4.687490	-4.632862	-4.632862	-4.632862	-4.632862	-4.632862	
-4.687643	-4.633015	-4.705344	-4.632862	-4.632862	-4.632862	-4.632862	-4.632862	
-4.685812	-4.633015	-4.714805	-4.632710	-4.632862	-4.632862	-4.632710	-4.632862	
-4.688253	-4.633015	-4.716941	-4.632862	-4.632862	-4.632862	-4.632862	-4.632862	
-4.687338	-4.633015	-4.698172	-4.632862	-4.632862	-4.632862	-4.632862	-4.632862	
-4.687033	-4.633015	-4.675588	-4.632862	-4.632862	-4.632862	-4.632862	-4.633015	
-4.687185	-4.633015	-4.710227	-4.632862	-4.632862	-4.632862	-4.632862	-4.633015	
-4.688253	-4.633015	-4.702750	-4.632710	-4.632862	-4.632862	-4.632862	-4.632862	
-4.688559	-4.633015	-4.700003	-4.632862	-4.632862	-4.632862	-4.632862	-4.632862	
-4.687033	-4.633015	-4.689627	-4.632862	-4.632862	-4.632862	-4.632862	-4.632862	
-4.687490	-4.633015	-4.657735	-4.632862	-4.632862	-4.632862	-4.632862	-4.633015	
-4.689169	-4.633015	-4.654073	-4.632862	-4.632862	-4.632862	-4.632862	-4.632862	
-4.686728	-4.633015	-4.661092	-4.632862	-4.632862	-4.632862	-4.632862	-4.632862	
-4.688101	-4.633015	-4.674367	-4.632862	-4.632862	-4.632862	-4.632862	-4.632862	
-4.688101	-4.633015	-4.715110	-4.632710	-4.632862	-4.632862	-4.632862	-4.632862	
-4.687338	-4.633015	-4.704733	-4.632862	-4.632862	-4.632862	-4.632862	-4.633015	
-4.687948	-4.633015	-4.708243	-4.632862	-4.632862	-4.632862	-4.632862	-4.632862	
-4.687643	-4.633015	-4.716331	-4.632862	-4.633015	-4.632862	-4.632710	-4.632862	
-4.688101	-4.633015	-4.702292	-4.632862	-4.632862	-4.632862	-4.632862	-4.633015	
-4.687490	-4.633015	-4.705496	-4.632862	-4.632862	-4.632862	-4.632862	-4.632862	
-4.686880	-4.633015	-4.685049	-4.632862	-4.633015	-4.632862	-4.632862	-4.632862	
-4.689169	-4.633015	-4.683218	-4.632862	-4.632862	-4.632862	-4.632862	-4.632862	
-4.685812	-4.633015	-4.687338	-4.632862	-4.632862	-4.632862	-4.632862	-4.632862	
-4.688253	-4.633015	-4.687948	-4.632862	-4.632862	-4.632862	-4.632862	-4.632862	
-4.687796	-4.633015	-4.694968	-4.632862	-4.632862	-4.632862	-4.632862	-4.632862	
-4.685354	-4.633015	-4.696341	-4.632862	-4.632862	-4.632862	-4.632862	-4.632862	
-4.689627	-4.633015	-4.669485	-4.632710	-4.632862	-4.632862	-4.632862	-4.632862	
-4.687643	-4.633015	-4.688864	-4.632862	-4.633015	-4.632862	-4.632862	-4.632862	
-4.685965	-4.633015	-4.702292	-4.632862	-4.632862	-4.632862	-4.632710	-4.632862	
-4.689322	-4.633015	-4.678030	-4.632862	-4.632862	-4.632862	-4.632710	-4.632862	
-4.687643	-4.633015	-4.693594	-4.632862	-4.632862	-4.632862	-4.632862	-4.632862	
-4.686117	-4.633015	-4.697562	-4.632862	-4.632862	-4.632862	-4.632710	-4.632862	
-4.689779	-4.633015	-4.702902	-4.632862	-4.632862	-4.632862	-4.632710	-4.633015	
-4.686422	-4.633015	-4.694052	-4.632862	-4.632862	-4.632862	-4.632710	-4.632862	
-4.687338	-4.633015	-4.688864	-4.632862	-4.633015	-4.632862	-4.632862	-4.632862	
-4.687796	-4.633015	-4.681081	-4.632862	-4.633015	-4.632862	-4.632862	-4.632862	
-4.687338	-4.633015	-4.674215	-4.632862	-4.632862	-4.632862	-4.632862	-4.633015	
-4.687948	-4.633015	-4.691458	-4.632862	-4.632862	-4.632862	-4.632710	-4.632862	
-4.686728	-4.633015	-4.700003	-4.632862	-4.632862	-4.632862	-4.632862	-4.632862	
-4.687796	-4.633015	-4.715415	-4.632862	-4.632862	-4.632862	-4.632862	-4.633015	
-4.687338	-4.633015	-4.699851	-4.632862	-4.633015	-4.632862	-4.632862	-4.632862	
-4.686728	-4.633015	-4.674673	-4.632862	-4.632862	-4.632862	-4.632862	-4.632862	
-4.687643	-4.633015	-4.679555	-4.632862	-4.633015	-4.632862	-4.632862	-4.632862	
-4.686728	-4.633015	-4.671010	-4.632862	-4.632862	-4.632862	-4.632710	-4.632862	
-4.687643	-4.633015	-4.664602	-4.632862	-4.632862	-4.632862	-4.632862	-4.632862	
-4.688101	-4.633015	-4.697257	-4.632710	-4.632862	-4.632862	-4.632862	-4.632862	
-4.686880	-4.633015	-4.684591	-4.632862	-4.633015	-4.632862	-4.632862	-4.632862	
-4.687490	-4.633015	-4.683676	-4.632862	-4.632862	-4.632862	-4.632862	-4.632862	
-4.687033	-4.633015	-4.701071	-4.632710	-4.632862	-4.632862	-4.632862	-4.632862	
-4.687185	-4.633015	-4.685507	-4.632862	-4.632862	-4.632862	-4.632710	-4.632862	
-4.688253	-4.633015	-4.669790	-4.632862	-4.632862	-4.632862	-4.632862	-4.632862	
-4.687338	-4.633015	-4.681844	-4.632862	-4.633015	-4.632862	-4.632710	-4.632862	
-4.687948	-4.633015	-4.681539	-4.632862	-4.632862	-4.632862	-4.632862	-4.632862	
-4.689016	-4.633015	-4.691610	-4.632862	-4.632862	-4.632862	-4.632710	-4.632862	
-4.686728	-4.633015	-4.704428	-4.632862	-4.632862	-4.632862	-4.632862	-4.632862	
-4.687948	-4.633015	-4.691305	-4.632862	-4.632862	-4.632862	-4.632862	-4.633015	
-4.688101	-4.633015	-4.689016	-4.632862	-4.632862	-4.632862	-4.632862	-4.632862	
-4.687185	-4.633015	-4.694357	-4.632862	-4.632862	-4.632862	-4.632862	-4.632862	
-4.688406	-4.633015	-4.690847	-4.632862	-4.632862	-4.632862	-4.632862	-4.632862	
-4.687185	-4.633015	-4.699545	-4.632862	-4.632862	-4.632862	-4.632862	-4.632862	
-4.687643	-4.633015	-4.697104	-4.632862	-4.632862	-4.632862	-4.632862	-4.632862	
-4.688406	-4.633015	-4.699851	-4.632862	-4.632862	-4.632862	-4.632862	-4.632862	
-4.686117	-4.633015	-4.695578	-4.632862	-4.632862	-4.632862	-4.632862	-4.633015	
-4.689474	-4.633015	-4.690695	-4.632862	-4.632862	-4.632862	-4.632862	-4.632862	
-4.687033	-4.633015	-4.693900	-4.632862	-4.632862	-4.632862	-4.632862	-4.632862	
-4.687643	-4.633015	-4.689322	-4.632862	-4.632862	-4.632862	-4.632862	-4.632862	
-4.688101	-4.633015	-4.686728	-4.632862	-4.632862	-4.632862	-4.632862	-4.632862	
-4.687185	-4.633015	-4.690847	-4.632862	-4.632862	-4.632862	-4.632710	-4.632862	
-4.687185	-4.633015	-4.684134	-4.632710	-4.632862	-4.632862	-4.632862	-4.633015	
-4.687948	-4.633015	-4.692068	-4.632862	-4.632862	-4.632862	-4.632862	-4.632862	
-4.686422	-4.633015	-4.697562	-4.632862	-4.632862	-4.632862	-4.632710	-4.632862	
-4.687643	-4.633015	-4.696341	-4.632710	-4.633015	-4.632862	-4.632862	-4.632862	
-4.685965	-4.633015	-4.707938	-4.632862	-4.633015	-4.632862	-4.632862	-4.632862	
-4.687490	-4.633015	-4.698020	-4.632710	-4.632862	-4.632862	-4.632862	-4.633015	
-4.687033	-4.633015	-4.697562	-4.632710	-4.632862	-4.632862	-4.632710	-4.632862	
-4.687185	-4.633015	-4.705649	-4.632862	-4.633015	-4.632862	-4.632862	-4.632862	
-4.688559	-4.633015	-4.698172	-4.632862	-4.632862	-4.632862	-4.632862	-4.632862	
-4.687185	-4.633015	-4.718009	-4.632862	-4.632862	-4.632862	-4.632862	-4.632862	
-4.689016	-4.633015	-4.685965	-4.632862	-4.632862	-4.632862	-4.632862	-4.632862	
-4.689932	-4.633015	-4.687796	-4.632862	-4.632862	-4.632862	-4.632862	-4.633015	
-4.687033	-4.633015	-4.718619	-4.632862	-4.632862	-4.632862	-4.632710	-4.632862	
-4.689322	-4.633015	-4.705801	-4.632862	-4.632862	-4.632862	-4.632862	-4.632862	
-4.687948	-4.633015	-4.682760	-4.632710	-4.632862	-4.632862	-4.632710	-4.633015	
-4.687643	-4.633015	-4.687033	-4.632862	-4.632862	-4.632862	-4.632862	-4.632862	
-4.689322	-4.633015	-4.646443	-4.632862	-4.632862	-4.632862	-4.632862	-4.632862	
-4.687338	-4.633015	-4.649953	-4.632710	-4.633015	-4.632862	-4.632862	-4.632862	
-4.688101	-4.633015	-4.655599	-4.632862	-4.632862	-4.632862	-4.632862	-4.632862	
-4.687796	-4.633015	-4.657735	-4.632862	-4.633015	-4.632862	-4.632862	-4.632862	
-4.686422	-4.633015	-4.666738	-4.632862	-4.632862	-4.632862	-4.632862	-4.632862	
-4.687643	-4.633015	-4.675436	-4.632862	-4.633015	-4.632862	-4.632710	-4.632862	
-4.687185	-4.633015	-4.689474	-4.632862	-4.633015	-4.632862	-4.632862	-4.632862	
-4.685812	-4.633015	-4.697409	-4.632862	-4.632862	-4.632862	-4.632862	-4.632862	
-4.688559	-4.633015	-4.710989	-4.632862	-4.632862	-4.632862	-4.632862	-4.632862	
-4.686270	-4.633015	-4.708548	-4.632862	-4.632862	-4.632862	-4.632862	-4.632862	
-4.687490	-4.633015	-4.672994	-4.632710	-4.632862	-4.632862	-4.632862	-4.632862	
-4.688864	-4.633015	-4.661550	-4.632862	-4.632862	-4.632862	-4.632710	-4.633015	
-4.685812	-4.633015	-4.690847	-4.632862	-4.632862	-4.632862	-4.632862	-4.632862	
-4.688559	-4.633015	-4.716788	-4.632710	-4.632862	-4.632862	-4.632862	-4.632862	
-4.687643	-4.633015	-4.693747	-4.632862	-4.632862	-4.632862	-4.632862	-4.632862	
-4.686117	-4.633015	-4.663229	-4.632862	-4.632862	-4.633015	-4.632862	-4.632862	
-4.689322	-4.633015	-4.717246	-4.632862	-4.632862	-4.632862	-4.632862	-4.633015	
-4.687338	-4.633015	-4.718009	-4.632710	-4.632862	-4.632862	-4.632862	-4.632862	
-4.687033	-4.633015	-4.664754	-4.632862	-4.632862	-4.632862	-4.632710	-4.632862	
-4.687948	-4.633015	-4.671468	-4.632862	-4.633015	-4.632862	-4.632710	-4.632862	
-4.687338	-4.633015	-4.645528	-4.632862	-4.632862	-4.632862	-4.632862	-4.633015	
-4.688406	-4.633015	-4.678945	-4.632862	-4.632862	-4.632862	-4.632862	-4.632862	
-4.686117	-4.633015	-4.675588	-4.632862	-4.632862	-4.632862	-4.632862	-4.632862	
-4.687338	-4.633015	-4.714347	-4.632862	-4.632862	-4.632862	-4.632862	-4.632862	
-4.687796	-4.632862	-4.648885	-4.632862	-4.632862	-4.632862	-4.632862	-4.632862	
-4.685812	-4.633015	-4.678792	-4.632862	-4.632862	-4.632862	-4.632710	-4.632862	
-4.689322	-4.633015	-4.655904	-4.632862	-4.632862	-4.632862	-4.632862	-4.632862	
-4.688253	-4.633015	-4.649037	-4.632862	-4.632862	-4.632862	-4.632862	-4.632862	
-4.685812	-4.633015	-4.655293	-4.632862	-4.633015	-4.632862	-4.632710	-4.633015	
-4.689322	-4.633015	-4.659871	-4.632862	-4.632862	-4.632862	-4.632862	-4.632862	
-4.686880	-4.633015	-4.705496	-4.632862	-4.632862	-4.632862	-4.632710	-4.632862	
-4.686270	-4.633015	-4.658040	-4.632862	-4.632862	-4.632862	-4.632862	-4.633015	
-4.689169	-4.633015	-4.719077	-4.632862	-4.632862	-4.632862	-4.632862	-4.632862	
-4.687033	-4.633015	-4.691763	-4.632862	-4.632862	-4.632862	-4.632862	-4.632862	
-4.687490	-4.633015	-4.695120	-4.632710	-4.632862	-4.632862	-4.632862	-4.632862	
-4.687948	-4.633015	-4.695120	-4.632862	-4.632862	-4.632862	-4.632862	-4.632862	
-4.687338	-4.633015	-4.644002	-4.632862	-4.632862	-4.632862	-4.632862	-4.632862	
-4.687796	-4.633015	-4.684286	-4.632862	-4.633015	-4.632862	-4.632710	-4.632862	
-4.686575	-4.633015	-4.658803	-4.632862	-4.632862	-4.632862	-4.632862	-4.633015	
-4.687796	-4.633015	-4.645375	-4.632862	-4.633015	-4.632862	-4.632710	-4.632862	
-4.688253	-4.633015	-4.650716	-4.632862	-4.632862	-4.632862	-4.632862	-4.633015	
-4.686270	-4.633015	-4.709464	-4.632862	-4.632862	-4.632862	-4.632862	-4.632862	
-4.689322	-4.633015	-4.665517	-4.632862	-4.633015	-4.632862	-4.632862	-4.632862	
-4.687033	-4.633015	-4.677114	-4.632862	-4.632862	-4.632862	-4.632862	-4.632862	
-4.687185	-4.633015	-4.704123	-4.632862	-4.632862	-4.632862	-4.632710	-4.632862	
-4.688406	-4.633015	-4.690695	-4.632862	-4.632862	-4.632862	-4.632862	-4.632862	
-4.687033	-4.633015	-4.685965	-4.632862	-4.632862	-4.632862	-4.632862	-4.632862	
-4.688253	-4.633015	-4.698935	-4.632862	-4.632862	-4.632862	-4.632710	-4.632862	
-4.688406	-4.633015	-4.703818	-4.632862	-4.632862	-4.632862	-4.632862	-4.632862	
-4.687338	-4.633015	-4.718467	-4.632862	-4.632862	-4.632862	-4.632710	-4.632862	
-4.688559	-4.633015	-4.719077	-4.632862	-4.632862	-4.632862	-4.632862	-4.632862	
-4.688101	-4.633015	-4.718314	-4.632862	-4.632862	-4.632862	-4.632862	-4.632862	
-4.687643	-4.633015	-4.715415	-4.632862	-4.632862	-4.632862	-4.632862	-4.632862	
-4.688101	-4.633015	-4.717856	-4.632862	-4.632862	-4.632862	-4.632862	-4.632862	
-4.686728	-4.633015	-4.700156	-4.632862	-4.632862	-4.632862	-4.632862	-4.632862	
-4.689322	-4.633015	-4.664907	-4.632862	-4.632862	-4.632862	-4.632862	-4.632862	
-4.687185	-4.633015	-4.648274	-4.632862	-4.632862	-4.632862	-4.632710	-4.632862	
-4.686728	-4.633015	-4.660787	-4.632862	-4.632862	-4.632862	-4.632710	-4.633015	
-4.689779	-4.633015	-4.667196	-4.632862	-4.632862	-4.632862	-4.632862	-4.632862	
-4.685202	-4.633015	-4.682913	-4.632862	-4.632862	-4.632862	-4.632862	-4.632862	
-4.687033	-4.633015	-4.707480	-4.632862	-4.632862	-4.632862	-4.632710	-4.632862	
-4.688406	-4.633015	-4.709311	-4.632862	-4.632862	-4.632862	-4.632710	-4.632862	
-4.686575	-4.633015	-4.692373	-4.632862	-4.632862	-4.632862	-4.632710	-4.633015	
-4.688253	-4.633015	-4.695120	-4.632862	-4.632862	-4.632862	-4.632710	-4.632862	
-4.688101	-4.633015	-4.688559	-4.632710	-4.632862	-4.632862	-4.632862	-4.632862	
-4.687643	-4.633015	-4.687185	-4.632862	-4.632862	-4.632862	-4.632862	-4.632862	
-4.689474	-4.633015	-4.694663	-4.632862	-4.633015	-4.632862	-4.632862	-4.632862	
-4.686728	-4.633015	-4.698630	-4.632862	-4.632862	-4.632862	-4.632862	-4.632862	
-4.688864	-4.633015	-4.697257	-4.632862	-4.632862	-4.632862	-4.632862	-4.632862	
-4.688101	-4.633015	-4.696799	-4.632862	-4.632862	-4.632862	-4.632862	-4.632862	
-4.686422	-4.633015	-4.672536	-4.632862	-4.632862	-4.632862	-4.632862	-4.632862	
-4.688101	-4.633015	-4.661550	-4.632862	-4.632862	-4.632862	-4.632710	-4.632862	
-4.686575	-4.633015	-4.678640	-4.632862	-4.632862	-4.632862	-4.632862	-4.632862	
-4.686728	-4.633015	-4.688101	-4.632862	-4.632862	-4.632862	-4.632710	-4.632862	
-4.687948	-4.633015	-4.684286	-4.632862	-4.632862	-4.632862	-4.632862	-4.633015	
-4.685507	-4.633015	-4.677267	-4.632862	-4.632862	-4.632862	-4.632710	-4.632862	
-4.687796	-4.633015	-4.690847	-4.632862	-4.633015	-4.632862	-4.632862	-4.632862	
-4.687490	-4.633015	-4.708853	-4.632862	-4.632862	-4.632862	-4.632862	-4.633015	
-4.686422	-4.633015	-4.663839	-4.632710	-4.632862	-4.632862	-4.632862	-4.632862	
-4.688406	-4.633015	-4.671316	-4.632710	-4.632862	-4.632862	-4.632862	-4.633015	
-4.686728	-4.633015	-4.675130	-4.632862	-4.632862	-4.632862	-4.632862	-4.632862	
-4.687948	-4.633015	-4.697104	-4.632862	-4.633015	-4.632862	-4.632862	-4.632862	
-4.687490	-4.633015	-4.678030	-4.632862	-4.632862	-4.632862	-4.632862	-4.632862	
-4.687796	-4.633015	-4.685812	-4.632862	-4.632862	-4.632862	-4.632862	-4.632862	
-4.687948	-4.633015	-4.702292	-4.632710	-4.632862	-4.632862	-4.632862	-4.632862	
-4.685812	-4.633015	-4.704428	-4.632862	-4.632862	-4.632862	-4.632710	-4.632862	
-4.687643	-4.633015	-4.694357	-4.632862	-4.633015	-4.632862	-4.632710	-4.632862	
-4.687948	-4.633015	-4.699393	-4.632862	-4.632862	-4.632862	-4.632862	-4.632862	
-4.685507	-4.633015	-4.687948	-4.632862	-4.632862	-4.632862	-4.632710	-4.632862	
-4.688101	-4.633015	-4.683981	-4.632862	-4.632862	-4.632862	-4.632862	-4.633015	
-4.686575	-4.633015	-4.689016	-4.632862	-4.633015	-4.632862	-4.632862	-4.632862	
-4.686575	-4.633015	-4.692679	-4.632862	-4.632862	-4.632862	-4.632710	-4.633015	
-4.689322	-4.633015	-4.691153	-4.632862	-4.632862	-4.632862	-4.632862	-4.632862	
-4.686270	-4.633015	-4.696646	-4.632862	-4.632862	-4.632862	-4.632862	-4.632862	
-4.687490	-4.633015	-4.694663	-4.632862	-4.632862	-4.632862	-4.632862	-4.632862	
-4.689627	-4.633015	-4.694815	-4.632710	-4.632862	-4.632862	-4.632710	-4.632862	
-4.685965	-4.633015	-4.680166	-4.632862	-4.633015	-4.632862	-4.632862	-4.632862	
-4.688253	-4.633015	-4.671468	-4.632862	-4.632862	-4.632862	-4.632710	-4.632862	
-4.688406	-4.633015	-4.682607	-4.632710	-4.632862	-4.632862	-4.632710	-4.632862	
-4.687033	-4.633015	-4.689779	-4.632862	-4.632862	-4.632862	-4.632710	-4.632862	
-4.688253	-4.633015	-4.676351	-4.632710	-4.632862	-4.632862	-4.632862	-4.632862	
-4.686575	-4.633015	-4.684896	-4.632862	-4.632862	-4.632862	-4.632710	-4.632862	
-4.687948	-4.633015	-4.665670	-4.632862	-4.632862	-4.632862	-4.632862	-4.632862	
-4.687033	-4.633015	-4.665212	-4.632862	-4.632862	-4.632862	-4.632862	-4.632862	
-4.686575	-4.633015	-4.671926	-4.632862	-4.632862	-4.632862	-4.632710	-4.632862	
-4.688101	-4.633015	-4.683218	-4.632710	-4.632862	-4.632862	-4.632862	-4.632862	
-4.686728	-4.633015	-4.684439	-4.632862	-4.632862	-4.632862	-4.632862	-4.632862	
-4.687948	-4.633015	-4.676504	-4.632862	-4.632862	-4.632862	-4.632710	-4.632862	
-4.687948	-4.633015	-4.682149	-4.632862	-4.632862	-4.632862	-4.632862	-4.632862	
-4.686117	-4.633015	-4.676046	-4.632862	-4.632862	-4.632862	-4.632862	-4.632862	
-4.689322	-4.633015	-4.669027	-4.632862	-4.633015	-4.632862	-4.632862	-4.632862	
-4.687643	-4.633015	-4.688864	-4.632862	-4.632862	-4.632862	-4.632862	-4.632862	
-4.687033	-4.633015	-4.684286	-4.632862	-4.632862	-4.632862	-4.632710	-4.632862	
-4.689932	-4.633015	-4.716483	-4.632862	-4.632862	-4.632862	-4.632862	-4.633015	
-4.686575	-4.633015	-4.718162	-4.632862	-4.632862	-4.632862	-4.632862	-4.632862	
-4.688559	-4.633015	-4.705801	-4.632862	-4.632862	-4.632862	-4.632710	-4.632862	
-4.689474	-4.633015	-4.700919	-4.632862	-4.632862	-4.632862	-4.632862	-4.632862	
-4.685965	-4.633015	-4.693747	-4.632710	-4.632862	-4.632862	-4.632862	-4.632862	
-4.688406	-4.633015	-4.685659	-4.632862	-4.632862	-4.632862	-4.632862	-4.632862	
-4.688101	-4.633015	-4.685049	-4.632862	-4.632862	-4.632862	-4.632862	-4.632862	
-4.687033	-4.633015	-4.687643	-4.632862	-4.633015	-4.632862	-4.632710	-4.632862	
-4.689322	-4.633015	-4.664449	-4.632862	-4.632862	-4.632862	-4.632862	-4.633015	
-4.686422	-4.633015	-4.664754	-4.632862	-4.632862	-4.632862	-4.632862	-4.632862	
-4.687643	-4.633015	-4.685354	-4.632862	-4.632862	-4.632862	-4.632862	-4.633015	
-4.688406	-4.633015	-4.678030	-4.632862	-4.632862	-4.632862	-4.632862	-4.632862	
-4.686117	-4.633015	-4.674520	-4.632862	-4.632862	-4.632862	-4.632862	-4.632862	
-4.689016	-4.633015	-4.687948	-4.632862	-4.632862	-4.632862	-4.632862	-4.632862	
-4.686575	-4.633015	-4.674367	-4.632862	-4.632862	-4.632862	-4.632710	-4.632862	
-4.686728	-4.633015	-4.681386	-4.632862	-4.632862	-4.632862	-4.632862	-4.632862	
-4.688559	-4.633015	-4.698782	-4.632862	-4.632862	-4.632862	-4.632862	-4.633015	
-4.685354	-4.633015	-4.687338	-4.632862	-4.632862	-4.632862	-4.632710	-4.632862	
-4.687490	-4.633015	-4.684591	-4.632862	-4.632862	-4.632862	-4.632862	-4.632862	
-4.687796	-4.633015	-4.691610	-4.632862	-4.633015	-4.632862	-4.632710	-4.632862	
-4.686575	-4.633015	-4.690390	-4.632862	-4.632862	-4.632862	-4.632862	-4.633015	
-4.688406	-4.633015	-4.696646	-4.632862	-4.632862	-4.632862	-4.632862	-4.632862	
-4.686880	-4.633015	-4.698935	-4.632862	-4.632862	-4.632862	-4.632862	-4.632862	
-4.688101	-4.633015	-4.683981	-4.632862	-4.632862	-4.632862	-4.632710	-4.632862	
-4.688253	-4.633015	-4.687033	-4.632862	-4.632862	-4.632862	-4.632710	-4.633015	
-4.686880	-4.633015	-4.698172	-4.632710	-4.633015	-4.632862	-4.632862	-4.632862	
-4.689169	-4.633015	-4.682760	-4.632862	-4.632862	-4.632862	-4.632710	-4.632862	
-4.687033	-4.633015	-4.692679	-4.632862	-4.632862	-4.632862	-4.632862	-4.632862	
-4.686728	-4.633015	-4.687643	-4.632862	-4.632862	-4.632862	-4.632710	-4.632862	
-4.689169	-4.633015	-4.674062	-4.632862	-4.632862	-4.632862	-4.632862	-4.632862	
-4.686117	-4.633015	-4.686117	-4.632862	-4.632862	-4.632862	-4.632862	-4.632862	
-4.688864	-4.633015	-4.668569	-4.632862	-4.632862	-4.632862	-4.632862	-4.632862	
-4.687796	-4.633015	-4.675436	-4.632862	-4.632862	-4.632862	-4.632862	-4.632862	
-4.685507	-4.633015	-4.697867	-4.632862	-4.633015	-4.632862	-4.632710	-4.632862	
-4.688406	-4.633015	-4.689627	-4.632862	-4.633015	-4.632862	-4.632710	-4.632862	
-4.687338	-4.633015	-4.704123	-4.632862	-4.632862	-4.632862	-4.632862	-4.633015	
-4.685965	-4.633015	-4.705039	-4.632862	-4.632862	-4.632862	-4.632710	-4.633015	
-4.687490	-4.633015	-4.699240	-4.632862	-4.632862	-4.632862	-4.632862	-4.633015	
-4.686422	-4.633015	-4.707785	-4.632862	-4.632862	-4.632862	-4.632710	-4.632862	
-4.688406	-4.633015	-4.692832	-4.632862	-4.632862	-4.632862	-4.632862	-4.632862	
-4.686728	-4.633015	-4.698325	-4.632862	-4.632862	-4.632862	-4.632862	-4.632862	
-4.687033	-4.633015	-4.687490	-4.632862	-4.632862	-4.632862	-4.632862	-4.632862	
-4.689322	-4.633015	-4.703665	-4.632862	-4.632862	-4.632862	-4.632862	-4.632862	
-4.684744	-4.633015	-4.706870	-4.632862	-4.632862	-4.632862	-4.632710	-4.632862	
-4.689016	-4.633015	-4.707633	-4.632862	-4.632862	-4.632862	-4.632862	-4.632862	
-4.687948	-4.633015	-4.714957	-4.632862	-4.632862	-4.632862	-4.632862	-4.632862	
-4.684896	-4.633015	-4.714194	-4.632862	-4.632862	-4.632862	-4.632862	-4.632862	
-4.689169	-4.633015	-4.701529	-4.632862	-4.632862	-4.632862	-4.632710	-4.632862	
-4.687338	-4.633015	-4.693442	-4.632862	-4.633015	-4.632862	-4.632862	-4.632862	
-4.685965	-4.633015	-4.681844	-4.632862	-4.633015	-4.632862	-4.632862	-4.632862	
-4.688406	-4.633015	-4.694052	-4.632710	-4.632862	-4.632862	-4.632862	-4.632862	
-4.685507	-4.633015	-4.682302	-4.632862	-4.632862	-4.632862	-4.632862	-4.632862	
-4.687490	-4.633015	-4.679098	-4.632862	-4.632862	-4.632862	-4.632862	-4.632862	
-4.687338	-4.633015	-4.688711	-4.632862	-4.632862	-4.632862	-4.632862	-4.632862	
-4.686575	-4.633015	-4.698020	-4.632862	-4.633015	-4.632862	-4.632710	-4.632862	
-4.688253	-4.633015	-4.691305	-4.632710	-4.632862	-4.632862	-4.632862	-4.632862	
-4.686728	-4.633015	-4.712058	-4.632862	-4.632862	-4.632862	-4.632710	-4.633015	
-4.687033	-4.633015	-4.691916	-4.632862	-4.632862	-4.632862	-4.632862	-4.632862	
-4.687643	-4.633015	-4.680929	-4.632862	-4.632862	-4.632862	-4.632862	-4.633015	
-4.686117	-4.633015	-4.705039	-4.632862	-4.632862	-4.632862	-4.632710	-4.632862	
-4.687490	-4.633015	-4.667196	-4.632862	-4.632862	-4.632862	-4.632862	-4.633015	
-4.687338	-4.633015	-4.651479	-4.632862	-4.632862	-4.632862	-4.632862	-4.632862	
-4.687033	-4.633015	-4.685965	-4.632862	-4.632862	-4.632862	-4.632862	-4.633015	
-4.688253	-4.633015	-4.656209	-4.632862	-4.632862	-4.632862	-4.632862	-4.632862	
-4.685659	-4.633015	-4.672384	-4.632862	-4.632862	-4.632862	-4.632710	-4.632862	
-4.687490	-4.633015	-4.675130	-4.632862	-4.633015	-4.632862	-4.632710	-4.632862	
-4.688253	-4.633015	-4.669027	-4.632862	-4.632862	-4.632862	-4.632862	-4.632862	
-4.684286	-4.633015	-4.688253	-4.632862	-4.633015	-4.632862	-4.632862	-4.632862	
-4.689932	-4.633015	-4.689322	-4.632862	-4.632862	-4.632862	-4.632862	-4.632862	
-4.686728	-4.633015	-4.696341	-4.632710	-4.633015	-4.632862	-4.632710	-4.632862	
-4.685812	-4.633015	-4.695120	-4.632862	-4.632862	-4.632862	-4.632862	-4.632862	
-4.688253	-4.633015	-4.693900	-4.632862	-4.632862	-4.632862	-4.632862	-4.633015	
-4.684439	-4.633015	-4.687643	-4.632862	-4.632862	-4.632862	-4.632710	-4.632862	
-4.687338	-4.633015	-4.674673	-4.632862	-4.632862	-4.632862	-4.632862	-4.632862	
-4.687643	-4.633015	-4.665823	-4.632710	-4.632862	-4.632862	-4.632710	-4.632862	
-4.685659	-4.633015	-4.690542	-4.632710	-4.632862	-4.632862	-4.632862	-4.632862	
-4.689474	-4.633015	-4.704428	-4.632710	-4.632862	-4.632862	-4.632862	-4.632862	
-4.686422	-4.633015	-4.715415	-4.632862	-4.633015	-4.632862	-4.632862	-4.633015	
-4.687185	-4.633015	-4.682760	-4.632862	-4.632862	-4.632862	-4.632710	-4.632862	
-4.689627	-4.633015	-4.672994	-4.632862	-4.632862	-4.632862	-4.632862	-4.632862	
-4.686880	-4.633015	-4.686117	-4.632862	-4.632862	-4.632862	-4.632862	-4.632862	
-4.688864	-4.633015	-4.687948	-4.632862	-4.632862	-4.632862	-4.632862	-4.632862	
-4.688406	-4.633015	-4.697257	-4.632710	-4.632862	-4.632862	-4.632862	-4.632862	
-4.687033	-4.633015	-4.684896	-4.632862	-4.632862	-4.632862	-4.632862	-4.632862	
-4.689169	-4.633015	-4.678792	-4.632710	-4.632862	-4.632862	-4.632710	-4.632862	
-4.687338	-4.633015	-4.690695	-4.632862	-4.632862	-4.632862	-4.632862	-4.632862	
-4.687948	-4.633015	-4.683981	-4.632862	-4.632862	-4.632862	-4.632862	-4.632862	
-4.688864	-4.633015	-4.690695	-4.632862	-4.632862	-4.632862	-4.632862	-4.632862	
-4.686880	-4.633015	-4.698935	-4.632862	-4.632862	-4.632862	-4.632710	-4.632862	
-4.689322	-4.633015	-4.688864	-4.632862	-4.632862	-4.632862	-4.632710	-4.632862	
-4.687948	-4.633015	-4.682760	-4.632710	-4.632862	-4.632862	-4.632862	-4.633015	
-4.687643	-4.633015	-4.672994	-4.632862	-4.632862	-4.632862	-4.632710	-4.632862	
-4.690390	-4.633015	-4.682302	-4.632710	-4.632862	-4.632862	-4.632862	-4.632862	
-4.687033	-4.633015	-4.692068	-4.632862	-4.632862	-4.632862	-4.632710	-4.632862	
-4.688253	-4.633015	-4.669637	-4.632710	-4.632862	-4.632862	-4.632862	-4.632862	
-4.688101	-4.633015	-4.683218	-4.632862	-4.633015	-4.632862	-4.632710	-4.632862	
-4.687033	-4.633015	-4.699393	-4.632862	-4.632862	-4.632862	-4.632710	-4.632862	
-4.688559	-4.633015	-4.707327	-4.632862	-4.633015	-4.632862	-4.632862	-4.632862	
-4.686880	-4.633015	-4.704276	-4.632862	-4.632862	-4.632862	-4.632710	-4.632862	
-4.688253	-4.633015	-4.695273	-4.632862	-4.632862	-4.632862	-4.632862	-4.632862	
-4.690084	-4.633015	-4.681386	-4.632862	-4.632862	-4.632862	-4.632862	-4.632862	
-4.685965	-4.633015	-4.701682	-4.632862	-4.633015	-4.632862	-4.632862	-4.632862	
-4.689322	-4.633015	-4.691610	-4.632862	-4.632862	-4.632862	-4.632862	-4.633015	
-4.689932	-4.633015	-4.699393	-4.632862	-4.633015	-4.632862	-4.632710	-4.632862	
-4.688406	-4.633015	-4.687490	-4.632862	-4.632862	-4.632862	-4.632862	-4.632862	
-4.691458	-4.633015	-4.681081	-4.632862	-4.632862	-4.632862	-4.632710	-4.632862	
-4.689169	-4.633015	-4.686422	-4.632862	-4.632862	-4.632862	-4.632862	-4.632862	
-4.688559	-4.633015	-4.662770	-4.632710	-4.632862	-4.632862	-4.632862	-4.632862	
-4.689016	-4.633015	-4.667654	-4.632710	-4.632862	-4.632862	-4.632862	-4.632862	
-4.686575	-4.633015	-4.674520	-4.632862	-4.632862	-4.632862	-4.632710	-4.632862	
-4.687338	-4.633015	-4.668264	-4.632862	-4.632862	-4.632862	-4.632862	-4.632862	
-4.687338	-4.633015	-4.695426	-4.632862	-4.632862	-4.632862	-4.632862	-4.632862	
-4.685659	-4.633015	-4.703665	-4.632862	-4.633015	-4.632862	-4.632862	-4.632862	
-4.686728	-4.633015	-4.701529	-4.632862	-4.632862	-4.632862	-4.632862	-4.632862	
-4.685202	-4.633015	-4.695426	-4.632862	-4.632862	-4.632862	-4.632862	-4.632862	
-4.686575	-4.633015	-4.689779	-4.632862	-4.632862	-4.632862	-4.632862	-4.633015	
-4.685965	-4.633015	-4.680624	-4.632862	-4.632862	-4.632862	-4.632862	-4.632862	
-4.685202	-4.633015	-4.674978	-4.632862	-4.632862	-4.632862	-4.632862	-4.632862	
-4.687796	-4.633015	-4.687490	-4.632710	-4.632862	-4.632862	-4.632862	-4.632862	
-4.686117	-4.633015	-4.695731	-4.632862	-4.633015	-4.632862	-4.632862	-4.632862	
-4.686575	-4.633015	-4.686270	-4.632862	-4.632862	-4.632862	-4.632710	-4.632862	
-4.688101	-4.633015	-4.687643	-4.632862	-4.632862	-4.632862	-4.632862	-4.633015	
-4.686575	-4.633015	-4.692526	-4.632862	-4.632862	-4.632862	-4.632862	-4.632862	
-4.689169	-4.633015	-4.676046	-4.632862	-4.632862	-4.632862	-4.632862	-4.633015	
-4.688253	-4.633015	-4.682149	-4.632862	-4.632862	-4.632862	-4.632862	-4.632862	
-4.686728	-4.633015	-4.685965	-4.632862	-4.633015	-4.632862	-4.632862	-4.632862	
-4.689474	-4.633015	-4.681386	-4.632710	-4.632862	-4.632862	-4.632710	-4.632862	
-4.686270	-4.633015	-4.695731	-4.632862	-4.632862	-4.632862	-4.632862	-4.633015	
-4.685812	-4.633015	-4.687490	-4.632862	-4.633015	-4.632862	-4.632710	-4.632862	
-4.687490	-4.633015	-4.698325	-4.632862	-4.632862	-4.632862	-4.632710	-4.632862	
-4.686117	-4.633015	-4.703513	-4.632862	-4.632862	-4.632862	-4.632710	-4.632862	
-4.688864	-4.633015	-4.687643	-4.632710	-4.632862	-4.632862	-4.632862	-4.632862	
-4.687948	-4.633015	-4.688253	-4.632862	-4.632862	-4.632862	-4.632862	-4.632862	
-4.688406	-4.633015	-4.678030	-4.632862	-4.633015	-4.632862	-4.632862	-4.632862	
-4.689932	-4.633015	-4.679098	-4.632862	-4.632862	-4.632862	-4.632862	-4.632862	
-4.688559	-4.633015	-4.686270	-4.632710	-4.632862	-4.632862	-4.632862	-4.632862	
-4.689779	-4.633015	-4.684439	-4.632862	-4.632862	-4.632862	-4.632862	-4.632862	
-4.688864	-4.633015	-4.693289	-4.632862	-4.632862	-4.632862	-4.632862	-4.632862	
-4.688559	-4.633015	-4.692679	-4.632862	-4.632862	-4.632862	-4.632710	-4.632862	
-4.690390	-4.633015	-4.688559	-4.632710	-4.632862	-4.632862	-4.632862	-4.632862	
-4.687643	-4.633015	-4.690695	-4.632862	-4.632862	-4.632862	-4.632862	-4.632862	
-4.689627	-4.633015	-4.682455	-4.632710	-4.632862	-4.632862	-4.632862	-4.633015	
-4.689169	-4.633015	-4.687490	-4.632862	-4.632862	-4.632862	-4.632862	-4.632862	
-4.686728	-4.633015	-4.690237	-4.632862	-4.633015	-4.632862	-4.632862	-4.632862	
-4.688406	-4.633015	-4.689627	-4.632862	-4.632862	-4.632862	-4.632862	-4.632862	
-4.687185	-4.633015	-4.697257	-4.632862	-4.632862	-4.632862	-4.632862	-4.632862	
-4.687033	-4.633015	-4.684591	-4.632862	-4.632862	-4.632862	-4.632862	-4.632862	
-4.688864	-4.633015	-4.698935	-4.632862	-4.632862	-4.632862	-4.632862	-4.632862	
-4.685812	-4.633015	-4.698020	-4.632862	-4.633015	-4.632862	-4.632710	-4.632862	
-4.688559	-4.633015	-4.698325	-4.632862	-4.632862	-4.632862	-4.632862	-4.632862	
-4.687185	-4.633015	-4.683676	-4.632862	-4.632862	-4.632862	-4.632862	-4.632862	
-4.686422	-4.633015	-4.702292	-4.632862	-4.632862	-4.632862	-4.632710	-4.632862	
-4.689016	-4.633015	-4.673604	-4.632710	-4.632862	-4.632862	-4.632862	-4.632862	
-4.687796	-4.633015	-4.691458	-4.632862	-4.632862	-4.632862	-4.632862	-4.632862	
-4.686117	-4.633015	-4.699393	-4.632862	-4.632862	-4.632862	-4.632862	-4.632862	
-4.689779	-4.633015	-4.691305	-4.632862	-4.632862	-4.632862	-4.632862	-4.632862	
-4.686422	-4.633015	-4.699851	-4.632862	-4.632862	-4.632862	-4.632862	-4.632862	
-4.688101	-4.633015	-4.687338	-4.632710	-4.632862	-4.632862	-4.632862	-4.632862	
-4.689932	-4.633015	-4.688864	-4.632862	-4.632862	-4.632862	-4.632862	-4.632862	
-4.687338	-4.633015	-4.682302	-4.632862	-4.632862	-4.632862	-4.632710	-4.632862	
-4.689016	-4.633015	-4.677572	-4.632710	-4.632862	-4.632862	-4.632862	-4.632862	
-4.688253	-4.633015	-4.678335	-4.632862	-4.632862	-4.632862	-4.632862	-4.632862	
-4.687643	-4.633015	-4.678640	-4.632862	-4.632862	-4.632862	-4.632862	-4.632862	
-4.687490	-4.633015	-4.674978	-4.632862	-4.632862	-4.632862	-4.632710	-4.632862	
-4.685812	-4.633015	-4.677114	-4.632710	-4.632862	-4.632862	-4.632862	-4.632862	
-4.687948	-4.633015	-4.677267	-4.632862	-4.633015	-4.632862	-4.632710	-4.632862	
-4.687185	-4.633015	-4.687796	-4.632862	-4.632862	-4.632862	-4.632862	-4.632862	
-4.685812	-4.633015	-4.682913	-4.632862	-4.632862	-4.632862	-4.632710	-4.632862	
-4.687948	-4.633015	-4.689627	-4.632862	-4.632862	-4.632862	-4.632710	-4.632862	
-4.686880	-4.633015	-4.691458	-4.632862	-4.632862	-4.632862	-4.632710	-4.632862	
-4.687033	-4.633015	-4.683981	-4.632862	-4.632862	-4.632862	-4.632862	-4.633015	
-4.686575	-4.633015	-4.691305	-4.632862	-4.632862	-4.632862	-4.632862	-4.632862	
-4.686728	-4.633015	-4.693594	-4.632862	-4.632862	-4.632862	-4.632862	-4.632862	
-4.687948	-4.633015	-4.681081	-4.632862	-4.632862	-4.632862	-4.632862	-4.632862	
-4.685507	-4.633015	-4.691000	-4.632862	-4.632862	-4.632862	-4.632862	-4.633015	
-4.686728	-4.633015	-4.688864	-4.632862	-4.633015	-4.632862	-4.632710	-4.632862	
-4.687796	-4.633015	-4.684439	-4.632862	-4.633015	-4.632862	-4.632862	-4.632862	
-4.685812	-4.633015	-4.704123	-4.632862	-4.633015	-4.632862	-4.632862	-4.632862	
-4.686880	-4.633015	-4.694663	-4.632862	-4.632862	-4.632862	-4.632862	-4.632862	
-4.687185	-4.633015	-4.692984	-4.632862	-4.633015	-4.632862	-4.632710	-4.633015	
-4.685507	-4.633015	-4.698935	-4.632862	-4.632862	-4.632862	-4.632862	-4.632862	
-4.688253	-4.633015	-4.683065	-4.632862	-4.632862	-4.632862	-4.632862	-4.632862	
-4.685965	-4.633015	-4.694205	-4.632862	-4.632862	-4.632862	-4.632710	-4.632862	
-4.686422	-4.633015	-4.688253	-4.632862	-4.632862	-4.632862	-4.632862	-4.632862	
-4.688406	-4.633015	-4.682607	-4.632862	-4.632862	-4.632862	-4.632710	-4.633015	
-4.685812	-4.633015	-4.693594	-4.632862	-4.633015	-4.632862	-4.632710	-4.632862	
-4.687948	-4.633015	-4.678945	-4.632862	-4.632862	-4.632862	-4.632710	-4.632862	
-4.687490	-4.633015	-4.688406	-4.632862	-4.632862	-4.632862	-4.632862	-4.632862	
-4.685507	-4.633015	-4.685812	-4.632862	-4.632862	-4.632862	-4.632710	-4.633015	
-4.689474	-4.633015	-4.677877	-4.632862	-4.633015	-4.632862	-4.632862	-4.632862	
-4.686117	-4.633015	-4.687643	-4.632862	-4.632862	-4.632862	-4.632862	-4.633015	
-4.686575	-4.633015	-4.681997	-4.632862	-4.632862	-4.632862	-4.632862	-4.632862	
-4.689474	-4.633015	-4.688101	-4.632862	-4.632862	-4.632862	-4.632862	-4.632862	
-4.686270	-4.633015	-4.692984	-4.632862	-4.633015	-4.632862	-4.632862	-4.633015	
-4.689016	-4.633015	-4.686270	-4.632862	-4.632862	-4.632862	-4.632862	-4.632862	
-4.688101	-4.633015	-4.695883	-4.632862	-4.632862	-4.632862	-4.632862	-4.632862	
-4.687033	-4.633015	-4.692679	-4.632862	-4.632862	-4.632862	-4.632862	-4.632862	
-4.690390	-4.633015	-4.692373	-4.632710	-4.632862	-4.632862	-4.632862	-4.632862	
-4.687796	-4.633015	-4.701529	-4.632862	-4.632862	-4.632862	-4.632862	-4.632862	
-4.689169	-4.633015	-4.687033	-4.632862	-4.633015	-4.632862	-4.632710	-4.632862	
-4.690237	-4.633015	-4.688101	-4.632862	-4.632862	-4.632862	-4.632862	-4.632862	
-4.688406	-4.633015	-4.685049	-4.632862	-4.632862	-4.632862	-4.632710	-4.633015	
-4.689627	-4.633015	-4.677419	-4.632862	-4.632862	-4.632862	-4.632710	-4.633015	
-4.687643	-4.633015	-4.687643	-4.632862	-4.632862	-4.632862	-4.632862	-4.632862	
-4.689932	-4.633015	-4.675893	-4.632862	-4.632862	-4.632862	-4.632862	-4.632862	
-4.689322	-4.633015	-4.680166	-4.632862	-4.632862	-4.632862	-4.632710	-4.632862	
-4.687338	-4.633015	-4.692221	-4.632862	-4.632862	-4.632862	-4.632710	-4.633015	
-4.690542	-4.633015	-4.684439	-4.632862	-4.632862	-4.632862	-4.632862	-4.632862	
-4.688253	-4.633015	-4.701071	-4.632862	-4.633015	-4.632862	-4.632862	-4.632862	
-4.686575	-4.633015	-4.702292	-4.632862	-4.632862	-4.632862	-4.632710	-4.632862	
-4.689779	-4.633015	-4.691610	-4.632862	-4.632862	-4.632862	-4.632710	-4.632862	
-4.687185	-4.633015	-4.700308	-4.632862	-4.632862	-4.632862	-4.632862	-4.632862	
-4.687643	-4.633015	-4.681997	-4.632862	-4.632862	-4.632862	-4.632710	-4.632862	
-4.688253	-4.633015	-4.689627	-4.632862	-4.632862	-4.632862	-4.632710	-4.632862	
-4.686575	-4.633015	-4.696799	-4.632862	-4.632862	-4.632862	-4.632862	-4.632862	
-4.688559	-4.633015	-4.682455	-4.632862	-4.632862	-4.632862	-4.632862	-4.632862	
-4.686270	-4.633015	-4.695578	-4.632862	-4.632862	-4.632862	-4.632862	-4.633015	
-4.685812	-4.633015	-4.684744	-4.632710	-4.632862	-4.632862	-4.632862	-4.633015	
-4.687948	-4.633015	-4.685965	-4.632862	-4.632862	-4.632862	-4.632862	-4.632862	
-4.684591	-4.633015	-4.691916	-4.632862	-4.632862	-4.632862	-4.632710	-4.632862	
-4.686575	-4.633015	-4.680471	-4.632862	-4.633015	-4.632862	-4.632862	-4.633015	
-4.688101	-4.633015	-4.689779	-4.632862	-4.632862	-4.632862	-4.632862	-4.632862	
-4.684134	-4.633015	-4.691763	-4.632862	-4.633015	-4.632862	-4.632710	-4.633015	
-4.687490	-4.633015	-4.690237	-4.632710	-4.632862	-4.632862	-4.632862	-4.632862	
-4.686728	-4.633015	-4.696646	-4.632862	-4.632862	-4.632862	-4.632862	-4.632862	
-4.685965	-4.633015	-4.680471	-4.632862	-4.633015	-4.632862	-4.632710	-4.632862	
-4.687490	-4.633015	-4.677419	-4.632862	-4.632862	-4.632862	-4.632862	-4.632862	
-4.686422	-4.633015	-4.685049	-4.632862	-4.632862	-4.632862	-4.632862	-4.632862	
-4.688559	-4.633015	-4.677572	-4.632710	-4.633015	-4.632862	-4.632710	-4.632862	
-4.685812	-4.633015	-4.681234	-4.632710	-4.632862	-4.633015	-4.632862	-4.632862	
-4.687185	-4.633015	-4.681692	-4.632862	-4.632862	-4.632862	-4.632862	-4.633015	
-4.688101	-4.633015	-4.691458	-4.632862	-4.632862	-4.632862	-4.632862	-4.632862	
-4.685965	-4.633015	-4.712821	-4.632862	-4.632862	-4.632862	-4.632862	-4.632862	
-4.687643	-4.633015	-4.700613	-4.632862	-4.632862	-4.632862	-4.632710	-4.632862	
-4.688406	-4.633015	-4.699393	-4.632710	-4.632862	-4.632862	-4.632862	-4.632862	
-4.685812	-4.633015	-4.687338	-4.632862	-4.632862	-4.632862	-4.632862	-4.632862	
-4.688253	-4.633015	-4.681539	-4.632862	-4.632862	-4.632862	-4.632862	-4.632862	
-4.687185	-4.633015	-4.693442	-4.632862	-4.633015	-4.632862	-4.632862	-4.632862	
-4.687033	-4.633015	-4.676961	-4.632862	-4.633015	-4.632862	-4.632862	-4.632862	
-4.688406	-4.633015	-4.686422	-4.632862	-4.633015	-4.632862	-4.632862	-4.633015	
-4.687033	-4.633015	-4.699240	-4.632710	-4.632862	-4.632862	-4.632862	-4.632862	
-4.688864	-4.633015	-4.692221	-4.632862	-4.632862	-4.632862	-4.632862	-4.632862	
-4.688406	-4.633015	-4.700308	-4.632862	-4.632862	-4.632862	-4.632710	-4.632862	
-4.687185	-4.633015	-4.689779	-4.632862	-4.632862	-4.632862	-4.632862	-4.632862	
-4.690084	-4.633015	-4.688864	-4.632862	-4.633015	-4.632862	-4.632862	-4.632862	
-4.687185	-4.633015	-4.707633	-4.632862	-4.632862	-4.632862	-4.632862	-4.632862	
-4.687490	-4.633015	-4.707633	-4.632862	-4.632862	-4.632862	-4.632862	-4.632862	
-4.689932	-4.633015	-4.701529	-4.632710	-4.632862	-4.632862	-4.632862	-4.633015	
-4.685354	-4.633015	-4.703513	-4.632862	-4.633015	-4.632862	-4.632862	-4.632862	
-4.688864	-4.633015	-4.689169	-4.632710	-4.632862	-4.632862	-4.632862	-4.632862	
-4.688406	-4.633015	-4.691305	-4.632862	-4.632862	-4.632862	-4.632862	-4.632862	
-4.685202	-4.633015	-4.695578	-4.632710	-4.632862	-4.632862	-4.632862	-4.632862	
-4.688864	-4.633015	-4.685202	-4.632862	-4.632862	-4.632862	-4.632710	-4.632862	
-4.686422	-4.633015	-4.677572	-4.632862	-4.632862	-4.632862	-4.632862	-4.632862	
-4.687948	-4.633015	-4.679708	-4.632710	-4.632862	-4.632862	-4.632710	-4.632862	
-4.687643	-4.633015	-4.685354	-4.632862	-4.632862	-4.632862	-4.632862	-4.632862	
-4.686270	-4.633015	-4.691610	-4.632862	-4.632862	-4.632862	-4.632710	-4.632862	
-4.689169	-4.633015	-4.680471	-4.632862	-4.633015	-4.632862	-4.632862	-4.632862	
-4.687490	-4.633015	-4.672384	-4.632862	-4.632862	-4.632862	-4.632862	-4.632862	
-4.686728	-4.633015	-4.662618	-4.632862	-4.633015	-4.632862	-4.632862	-4.633015	
-4.688101	-4.633015	-4.660939	-4.632862	-4.632862	-4.632862	-4.632862	-4.632862	
-4.686422	-4.633015	-4.669485	-4.632710	-4.632862	-4.632862	-4.632710	-4.632862	
-4.687643	-4.633015	-4.673147	-4.632862	-4.632862	-4.632862	-4.632710	-4.633015	
-4.687338	-4.633015	-4.687033	-4.632862	-4.632862	-4.632862	-4.632862	-4.632862	
-4.686728	-4.633015	-4.691153	-4.632862	-4.633015	-4.632862	-4.632710	-4.632862	
-4.688101	-4.633015	-4.682302	-4.632710	-4.632862	-4.632862	-4.632710	-4.632862	
-4.686728	-4.633015	-4.698935	-4.632862	-4.632862	-4.632862	-4.632710	-4.632862	
-4.687796	-4.633015	-4.692832	-4.632862	-4.632862	-4.632862	-4.632862	-4.632862	
-4.687033	-4.633015	-4.690237	-4.632862	-4.632862	-4.632862	-4.632710	-4.632862	
-4.685965	-4.633015	-4.704733	-4.632862	-4.632862	-4.632862	-4.632862	-4.632862	
-4.689474	-4.633015	-4.692221	-4.632862	-4.632862	-4.632862	-4.632862	-4.632862	
-4.686270	-4.633015	-4.700461	-4.632862	-4.632862	-4.632862	-4.632862	-4.633015	
-4.686575	-4.633015	-4.705344	-4.632862	-4.632862	-4.632862	-4.632862	-4.632862	